logp	R	ID
0	-0.569	1
-0.30103	-0.542	2
-0.47712	-0.54	3
-0.60206	-0.537	4
-0.69897	-0.537	5
-0.77815	-0.522	6
-0.8451	-0.516	7
-0.90309	-0.516	8
-0.95424	-0.515	9
-1	-0.515	10
-1.04139	-0.514	11
-1.07918	-0.513	12
-1.11394	-0.51	13
-1.14613	-0.509	14
-1.17609	-0.507	15
-1.20412	-0.506	16
-1.23045	-0.502	17
-1.25527	-0.502	18
-1.27875	-0.5	19
-1.30103	-0.5	20
-1.32222	-0.499	21
-1.34242	-0.497	22
-1.36173	-0.495	23
-1.38021	-0.495	24
-1.39794	-0.491	25
-1.41497	-0.49	26
-1.43136	-0.489	27
-1.44716	-0.488	28
-1.4624	-0.488	29
-1.47712	-0.487	30
-1.49136	-0.486	31
-1.50515	-0.485	32
-1.51851	-0.485	33
-1.53148	-0.485	34
-1.54407	-0.485	35
-1.5563	-0.484	36
-1.5682	-0.484	37
-1.57978	-0.482	38
-1.59106	-0.482	39
-1.60206	-0.482	40
-1.61278	-0.48	41
-1.62325	-0.479	42
-1.63347	-0.479	43
-1.64345	-0.478	44
-1.65321	-0.478	45
-1.66276	-0.478	46
-1.6721	-0.478	47
-1.68124	-0.477	48
-1.6902	-0.477	49
-1.69897	-0.476	50
-1.70757	-0.476	51
-1.716	-0.476	52
-1.72428	-0.475	53
-1.73239	-0.475	54
-1.74036	-0.475	55
-1.74819	-0.475	56
-1.75587	-0.474	57
-1.76343	-0.474	58
-1.77085	-0.474	59
-1.77815	-0.474	60
-1.78533	-0.473	61
-1.79239	-0.472	62
-1.79934	-0.472	63
-1.80618	-0.472	64
-1.81291	-0.472	65
-1.81954	-0.471	66
-1.82607	-0.471	67
-1.83251	-0.471	68
-1.83885	-0.471	69
-1.8451	-0.47	70
-1.85126	-0.47	71
-1.85733	-0.47	72
-1.86332	-0.469	73
-1.86923	-0.469	74
-1.87506	-0.468	75
-1.88081	-0.468	76
-1.88649	-0.467	77
-1.89209	-0.467	78
-1.89763	-0.467	79
-1.90309	-0.467	80
-1.90849	-0.467	81
-1.91381	-0.466	82
-1.91908	-0.466	83
-1.92428	-0.466	84
-1.92942	-0.465	85
-1.9345	-0.465	86
-1.93952	-0.464	87
-1.94448	-0.464	88
-1.94939	-0.463	89
-1.95424	-0.462	90
-1.95904	-0.462	91
-1.96379	-0.462	92
-1.96848	-0.462	93
-1.97313	-0.461	94
-1.97772	-0.461	95
-1.98227	-0.461	96
-1.98677	-0.46	97
-1.99123	-0.46	98
-1.99564	-0.46	99
-2	-0.46	100
-2.00432	-0.459	101
-2.0086	-0.458	102
-2.01284	-0.458	103
-2.01703	-0.458	104
-2.02119	-0.458	105
-2.02531	-0.458	106
-2.02938	-0.458	107
-2.03342	-0.458	108
-2.03743	-0.456	109
-2.04139	-0.456	110
-2.04532	-0.455	111
-2.04922	-0.454	112
-2.05308	-0.454	113
-2.0569	-0.453	114
-2.0607	-0.453	115
-2.06446	-0.453	116
-2.06819	-0.452	117
-2.07188	-0.452	118
-2.07555	-0.452	119
-2.07918	-0.452	120
-2.08279	-0.451	121
-2.08636	-0.45	122
-2.08991	-0.45	123
-2.09342	-0.45	124
-2.09691	-0.448	125
-2.10037	-0.448	126
-2.1038	-0.448	127
-2.10721	-0.447	128
-2.11059	-0.447	129
-2.11394	-0.447	130
-2.11727	-0.446	131
-2.12057	-0.446	132
-2.12385	-0.446	133
-2.1271	-0.446	134
-2.13033	-0.446	135
-2.13354	-0.446	136
-2.13672	-0.445	137
-2.13988	-0.445	138
-2.14301	-0.445	139
-2.14613	-0.445	140
-2.14922	-0.445	141
-2.15229	-0.444	142
-2.15534	-0.444	143
-2.15836	-0.444	144
-2.16137	-0.444	145
-2.16435	-0.444	146
-2.16732	-0.443	147
-2.17026	-0.443	148
-2.17319	-0.443	149
-2.17609	-0.443	150
-2.17898	-0.443	151
-2.18184	-0.443	152
-2.18469	-0.441	153
-2.18752	-0.441	154
-2.19033	-0.441	155
-2.19312	-0.441	156
-2.1959	-0.441	157
-2.19866	-0.44	158
-2.2014	-0.44	159
-2.20412	-0.44	160
-2.20683	-0.44	161
-2.20952	-0.439	162
-2.21219	-0.439	163
-2.21484	-0.439	164
-2.21748	-0.438	165
-2.22011	-0.438	166
-2.22272	-0.438	167
-2.22531	-0.437	168
-2.22789	-0.437	169
-2.23045	-0.437	170
-2.233	-0.437	171
-2.23553	-0.436	172
-2.23805	-0.436	173
-2.24055	-0.436	174
-2.24304	-0.435	175
-2.24551	-0.435	176
-2.24797	-0.435	177
-2.25042	-0.434	178
-2.25285	-0.434	179
-2.25527	-0.434	180
-2.25768	-0.434	181
-2.26007	-0.433	182
-2.26245	-0.432	183
-2.26482	-0.432	184
-2.26717	-0.432	185
-2.26951	-0.432	186
-2.27184	-0.431	187
-2.27416	-0.431	188
-2.27646	-0.431	189
-2.27875	-0.431	190
-2.28103	-0.431	191
-2.2833	-0.431	192
-2.28556	-0.431	193
-2.2878	-0.431	194
-2.29003	-0.43	195
-2.29226	-0.43	196
-2.29447	-0.429	197
-2.29667	-0.429	198
-2.29885	-0.428	199
-2.30103	-0.428	200
-2.3032	-0.428	201
-2.30535	-0.428	202
-2.3075	-0.427	203
-2.30963	-0.427	204
-2.31175	-0.427	205
-2.31387	-0.427	206
-2.31597	-0.427	207
-2.31806	-0.427	208
-2.32015	-0.426	209
-2.32222	-0.426	210
-2.32428	-0.426	211
-2.32634	-0.426	212
-2.32838	-0.426	213
-2.33041	-0.425	214
-2.33244	-0.424	215
-2.33445	-0.424	216
-2.33646	-0.424	217
-2.33846	-0.423	218
-2.34044	-0.423	219
-2.34242	-0.423	220
-2.34439	-0.423	221
-2.34635	-0.422	222
-2.3483	-0.422	223
-2.35025	-0.422	224
-2.35218	-0.422	225
-2.35411	-0.422	226
-2.35603	-0.422	227
-2.35793	-0.421	228
-2.35984	-0.421	229
-2.36173	-0.42	230
-2.36361	-0.42	231
-2.36549	-0.42	232
-2.36736	-0.42	233
-2.36922	-0.42	234
-2.37107	-0.42	235
-2.37291	-0.419	236
-2.37475	-0.419	237
-2.37658	-0.419	238
-2.3784	-0.419	239
-2.38021	-0.418	240
-2.38202	-0.418	241
-2.38382	-0.417	242
-2.38561	-0.417	243
-2.38739	-0.417	244
-2.38917	-0.417	245
-2.39094	-0.417	246
-2.3927	-0.416	247
-2.39445	-0.416	248
-2.3962	-0.416	249
-2.39794	-0.416	250
-2.39967	-0.416	251
-2.4014	-0.416	252
-2.40312	-0.416	253
-2.40483	-0.416	254
-2.40654	-0.416	255
-2.40824	-0.415	256
-2.40993	-0.415	257
-2.41162	-0.415	258
-2.4133	-0.415	259
-2.41497	-0.415	260
-2.41664	-0.415	261
-2.4183	-0.415	262
-2.41996	-0.415	263
-2.4216	-0.415	264
-2.42325	-0.414	265
-2.42488	-0.414	266
-2.42651	-0.414	267
-2.42813	-0.414	268
-2.42975	-0.414	269
-2.43136	-0.414	270
-2.43297	-0.414	271
-2.43457	-0.413	272
-2.43616	-0.413	273
-2.43775	-0.413	274
-2.43933	-0.412	275
-2.44091	-0.412	276
-2.44248	-0.412	277
-2.44404	-0.412	278
-2.4456	-0.412	279
-2.44716	-0.412	280
-2.44871	-0.412	281
-2.45025	-0.412	282
-2.45179	-0.412	283
-2.45332	-0.412	284
-2.45484	-0.412	285
-2.45637	-0.412	286
-2.45788	-0.411	287
-2.45939	-0.411	288
-2.4609	-0.411	289
-2.4624	-0.411	290
-2.46389	-0.411	291
-2.46538	-0.41	292
-2.46687	-0.41	293
-2.46835	-0.409	294
-2.46982	-0.409	295
-2.47129	-0.409	296
-2.47276	-0.409	297
-2.47422	-0.409	298
-2.47567	-0.409	299
-2.47712	-0.408	300
-2.47857	-0.408	301
-2.48001	-0.407	302
-2.48144	-0.407	303
-2.48287	-0.407	304
-2.4843	-0.406	305
-2.48572	-0.406	306
-2.48714	-0.406	307
-2.48855	-0.406	308
-2.48996	-0.405	309
-2.49136	-0.405	310
-2.49276	-0.405	311
-2.49415	-0.405	312
-2.49554	-0.405	313
-2.49693	-0.405	314
-2.49831	-0.404	315
-2.49969	-0.404	316
-2.50106	-0.403	317
-2.50243	-0.403	318
-2.50379	-0.403	319
-2.50515	-0.403	320
-2.50651	-0.403	321
-2.50786	-0.402	322
-2.5092	-0.402	323
-2.51055	-0.401	324
-2.51188	-0.401	325
-2.51322	-0.401	326
-2.51455	-0.401	327
-2.51587	-0.4	328
-2.5172	-0.4	329
-2.51851	-0.4	330
-2.51983	-0.4	331
-2.52114	-0.4	332
-2.52244	-0.399	333
-2.52375	-0.399	334
-2.52504	-0.399	335
-2.52634	-0.399	336
-2.52763	-0.399	337
-2.52892	-0.398	338
-2.5302	-0.398	339
-2.53148	-0.398	340
-2.53275	-0.397	341
-2.53403	-0.397	342
-2.53529	-0.397	343
-2.53656	-0.397	344
-2.53782	-0.396	345
-2.53908	-0.396	346
-2.54033	-0.396	347
-2.54158	-0.396	348
-2.54283	-0.396	349
-2.54407	-0.396	350
-2.54531	-0.395	351
-2.54654	-0.395	352
-2.54777	-0.395	353
-2.549	-0.395	354
-2.55023	-0.395	355
-2.55145	-0.395	356
-2.55267	-0.395	357
-2.55388	-0.394	358
-2.55509	-0.394	359
-2.5563	-0.394	360
-2.55751	-0.394	361
-2.55871	-0.394	362
-2.55991	-0.394	363
-2.5611	-0.393	364
-2.56229	-0.393	365
-2.56348	-0.393	366
-2.56467	-0.393	367
-2.56585	-0.393	368
-2.56703	-0.392	369
-2.5682	-0.392	370
-2.56937	-0.392	371
-2.57054	-0.392	372
-2.57171	-0.392	373
-2.57287	-0.392	374
-2.57403	-0.392	375
-2.57519	-0.392	376
-2.57634	-0.391	377
-2.57749	-0.39	378
-2.57864	-0.39	379
-2.57978	-0.39	380
-2.58092	-0.39	381
-2.58206	-0.389	382
-2.5832	-0.389	383
-2.58433	-0.389	384
-2.58546	-0.389	385
-2.58659	-0.389	386
-2.58771	-0.388	387
-2.58883	-0.388	388
-2.58995	-0.388	389
-2.59106	-0.388	390
-2.59218	-0.388	391
-2.59329	-0.387	392
-2.59439	-0.387	393
-2.5955	-0.386	394
-2.5966	-0.386	395
-2.5977	-0.386	396
-2.59879	-0.385	397
-2.59988	-0.385	398
-2.60097	-0.384	399
-2.60206	-0.384	400
-2.60314	-0.384	401
-2.60423	-0.384	402
-2.60531	-0.384	403
-2.60638	-0.384	404
-2.60746	-0.383	405
-2.60853	-0.383	406
-2.60959	-0.382	407
-2.61066	-0.382	408
-2.61172	-0.382	409
-2.61278	-0.382	410
-2.61384	-0.382	411
-2.6149	-0.381	412
-2.61595	-0.381	413
-2.617	-0.38	414
-2.61805	-0.38	415
-2.61909	-0.38	416
-2.62014	-0.38	417
-2.62118	-0.38	418
-2.62221	-0.379	419
-2.62325	-0.379	420
-2.62428	-0.379	421
-2.62531	-0.379	422
-2.62634	-0.378	423
-2.62737	-0.378	424
-2.62839	-0.378	425
-2.62941	-0.377	426
-2.63043	-0.376	427
-2.63144	-0.376	428
-2.63246	-0.376	429
-2.63347	-0.375	430
-2.63448	-0.375	431
-2.63548	-0.375	432
-2.63649	-0.375	433
-2.63749	-0.375	434
-2.63849	-0.374	435
-2.63949	-0.374	436
-2.64048	-0.373	437
-2.64147	-0.373	438
-2.64246	-0.372	439
-2.64345	-0.372	440
-2.64444	-0.372	441
-2.64542	-0.372	442
-2.6464	-0.372	443
-2.64738	-0.372	444
-2.64836	-0.371	445
-2.64933	-0.37	446
-2.65031	-0.37	447
-2.65128	-0.37	448
-2.65225	-0.37	449
-2.65321	-0.37	450
-2.65418	-0.37	451
-2.65514	-0.369	452
-2.6561	-0.369	453
-2.65706	-0.369	454
-2.65801	-0.368	455
-2.65896	-0.367	456
-2.65992	-0.366	457
-2.66087	-0.366	458
-2.66181	-0.366	459
-2.66276	-0.365	460
-2.6637	-0.365	461
-2.66464	-0.365	462
-2.66558	-0.365	463
-2.66652	-0.364	464
-2.66745	-0.363	465
-2.66839	-0.363	466
-2.66932	-0.362	467
-2.67025	-0.362	468
-2.67117	-0.362	469
-2.6721	-0.362	470
-2.67302	-0.362	471
-2.67394	-0.361	472
-2.67486	-0.36	473
-2.67578	-0.36	474
-2.67669	-0.36	475
-2.67761	-0.36	476
-2.67852	-0.36	477
-2.67943	-0.359	478
-2.68034	-0.358	479
-2.68124	-0.358	480
-2.68215	-0.358	481
-2.68305	-0.358	482
-2.68395	-0.358	483
-2.68485	-0.358	484
-2.68574	-0.357	485
-2.68664	-0.357	486
-2.68753	-0.357	487
-2.68842	-0.357	488
-2.68931	-0.357	489
-2.6902	-0.356	490
-2.69108	-0.355	491
-2.69197	-0.355	492
-2.69285	-0.355	493
-2.69373	-0.355	494
-2.69461	-0.355	495
-2.69548	-0.354	496
-2.69636	-0.354	497
-2.69723	-0.354	498
-2.6981	-0.354	499
-2.69897	-0.354	500
-2.69984	-0.354	501
-2.7007	-0.353	502
-2.70157	-0.353	503
-2.70243	-0.353	504
-2.70329	-0.353	505
-2.70415	-0.353	506
-2.70501	-0.353	507
-2.70586	-0.353	508
-2.70672	-0.353	509
-2.70757	-0.352	510
-2.70842	-0.352	511
-2.70927	-0.352	512
-2.71012	-0.351	513
-2.71096	-0.351	514
-2.71181	-0.351	515
-2.71265	-0.351	516
-2.71349	-0.351	517
-2.71433	-0.351	518
-2.71517	-0.351	519
-2.716	-0.351	520
-2.71684	-0.35	521
-2.71767	-0.35	522
-2.7185	-0.35	523
-2.71933	-0.35	524
-2.72016	-0.35	525
-2.72099	-0.35	526
-2.72181	-0.35	527
-2.72263	-0.349	528
-2.72346	-0.349	529
-2.72428	-0.349	530
-2.72509	-0.348	531
-2.72591	-0.347	532
-2.72673	-0.347	533
-2.72754	-0.347	534
-2.72835	-0.347	535
-2.72916	-0.346	536
-2.72997	-0.346	537
-2.73078	-0.346	538
-2.73159	-0.346	539
-2.73239	-0.345	540
-2.7332	-0.345	541
-2.734	-0.345	542
-2.7348	-0.345	543
-2.7356	-0.345	544
-2.7364	-0.345	545
-2.73719	-0.345	546
-2.73799	-0.345	547
-2.73878	-0.345	548
-2.73957	-0.344	549
-2.74036	-0.344	550
-2.74115	-0.344	551
-2.74194	-0.344	552
-2.74273	-0.344	553
-2.74351	-0.344	554
-2.74429	-0.344	555
-2.74507	-0.343	556
-2.74586	-0.343	557
-2.74663	-0.343	558
-2.74741	-0.342	559
-2.74819	-0.342	560
-2.74896	-0.341	561
-2.74974	-0.341	562
-2.75051	-0.341	563
-2.75128	-0.341	564
-2.75205	-0.341	565
-2.75282	-0.341	566
-2.75358	-0.341	567
-2.75435	-0.34	568
-2.75511	-0.34	569
-2.75587	-0.34	570
-2.75664	-0.34	571
-2.7574	-0.34	572
-2.75815	-0.34	573
-2.75891	-0.339	574
-2.75967	-0.339	575
-2.76042	-0.339	576
-2.76118	-0.339	577
-2.76193	-0.339	578
-2.76268	-0.339	579
-2.76343	-0.338	580
-2.76418	-0.338	581
-2.76492	-0.338	582
-2.76567	-0.338	583
-2.76641	-0.338	584
-2.76716	-0.338	585
-2.7679	-0.338	586
-2.76864	-0.337	587
-2.76938	-0.337	588
-2.77012	-0.337	589
-2.77085	-0.337	590
-2.77159	-0.337	591
-2.77232	-0.336	592
-2.77305	-0.336	593
-2.77379	-0.336	594
-2.77452	-0.336	595
-2.77525	-0.336	596
-2.77597	-0.336	597
-2.7767	-0.336	598
-2.77743	-0.336	599
-2.77815	-0.336	600
-2.77887	-0.335	601
-2.7796	-0.335	602
-2.78032	-0.335	603
-2.78104	-0.335	604
-2.78176	-0.335	605
-2.78247	-0.335	606
-2.78319	-0.334	607
-2.7839	-0.334	608
-2.78462	-0.334	609
-2.78533	-0.334	610
-2.78604	-0.334	611
-2.78675	-0.333	612
-2.78746	-0.333	613
-2.78817	-0.332	614
-2.78888	-0.332	615
-2.78958	-0.332	616
-2.79029	-0.331	617
-2.79099	-0.331	618
-2.79169	-0.33	619
-2.79239	-0.33	620
-2.79309	-0.33	621
-2.79379	-0.33	622
-2.79449	-0.33	623
-2.79518	-0.33	624
-2.79588	-0.33	625
-2.79657	-0.33	626
-2.79727	-0.33	627
-2.79796	-0.329	628
-2.79865	-0.329	629
-2.79934	-0.329	630
-2.80003	-0.329	631
-2.80072	-0.329	632
-2.8014	-0.328	633
-2.80209	-0.328	634
-2.80277	-0.328	635
-2.80346	-0.328	636
-2.80414	-0.328	637
-2.80482	-0.326	638
-2.8055	-0.326	639
-2.80618	-0.325	640
-2.80686	-0.325	641
-2.80754	-0.325	642
-2.80821	-0.325	643
-2.80889	-0.325	644
-2.80956	-0.325	645
-2.81023	-0.325	646
-2.8109	-0.324	647
-2.81158	-0.324	648
-2.81224	-0.324	649
-2.81291	-0.324	650
-2.81358	-0.324	651
-2.81425	-0.324	652
-2.81491	-0.324	653
-2.81558	-0.324	654
-2.81624	-0.323	655
-2.8169	-0.323	656
-2.81757	-0.323	657
-2.81823	-0.323	658
-2.81889	-0.322	659
-2.81954	-0.322	660
-2.8202	-0.322	661
-2.82086	-0.322	662
-2.82151	-0.322	663
-2.82217	-0.321	664
-2.82282	-0.321	665
-2.82347	-0.321	666
-2.82413	-0.321	667
-2.82478	-0.321	668
-2.82543	-0.321	669
-2.82607	-0.321	670
-2.82672	-0.32	671
-2.82737	-0.32	672
-2.82802	-0.32	673
-2.82866	-0.32	674
-2.8293	-0.319	675
-2.82995	-0.319	676
-2.83059	-0.319	677
-2.83123	-0.318	678
-2.83187	-0.318	679
-2.83251	-0.317	680
-2.83315	-0.317	681
-2.83378	-0.317	682
-2.83442	-0.316	683
-2.83506	-0.316	684
-2.83569	-0.316	685
-2.83632	-0.316	686
-2.83696	-0.315	687
-2.83759	-0.315	688
-2.83822	-0.314	689
-2.83885	-0.314	690
-2.83948	-0.314	691
-2.84011	-0.314	692
-2.84073	-0.313	693
-2.84136	-0.313	694
-2.84198	-0.313	695
-2.84261	-0.313	696
-2.84323	-0.312	697
-2.84386	-0.312	698
-2.84448	-0.312	699
-2.8451	-0.312	700
-2.84572	-0.312	701
-2.84634	-0.312	702
-2.84696	-0.311	703
-2.84757	-0.311	704
-2.84819	-0.311	705
-2.8488	-0.311	706
-2.84942	-0.311	707
-2.85003	-0.311	708
-2.85065	-0.31	709
-2.85126	-0.31	710
-2.85187	-0.31	711
-2.85248	-0.31	712
-2.85309	-0.31	713
-2.8537	-0.309	714
-2.85431	-0.309	715
-2.85491	-0.308	716
-2.85552	-0.308	717
-2.85612	-0.308	718
-2.85673	-0.307	719
-2.85733	-0.307	720
-2.85794	-0.306	721
-2.85854	-0.306	722
-2.85914	-0.305	723
-2.85974	-0.305	724
-2.86034	-0.304	725
-2.86094	-0.304	726
-2.86153	-0.304	727
-2.86213	-0.303	728
-2.86273	-0.303	729
-2.86332	-0.303	730
-2.86392	-0.303	731
-2.86451	-0.303	732
-2.8651	-0.303	733
-2.8657	-0.303	734
-2.86629	-0.302	735
-2.86688	-0.302	736
-2.86747	-0.302	737
-2.86806	-0.302	738
-2.86864	-0.302	739
-2.86923	-0.301	740
-2.86982	-0.3	741
-2.8704	-0.3	742
-2.87099	-0.3	743
-2.87157	-0.3	744
-2.87216	-0.3	745
-2.87274	-0.299	746
-2.87332	-0.299	747
-2.8739	-0.298	748
-2.87448	-0.298	749
-2.87506	-0.298	750
-2.87564	-0.298	751
-2.87622	-0.297	752
-2.87679	-0.297	753
-2.87737	-0.297	754
-2.87795	-0.296	755
-2.87852	-0.296	756
-2.8791	-0.296	757
-2.87967	-0.296	758
-2.88024	-0.295	759
-2.88081	-0.295	760
-2.88138	-0.295	761
-2.88195	-0.295	762
-2.88252	-0.295	763
-2.88309	-0.295	764
-2.88366	-0.295	765
-2.88423	-0.294	766
-2.8848	-0.294	767
-2.88536	-0.293	768
-2.88593	-0.293	769
-2.88649	-0.293	770
-2.88705	-0.293	771
-2.88762	-0.292	772
-2.88818	-0.292	773
-2.88874	-0.292	774
-2.8893	-0.292	775
-2.88986	-0.291	776
-2.89042	-0.291	777
-2.89098	-0.29	778
-2.89154	-0.29	779
-2.89209	-0.29	780
-2.89265	-0.29	781
-2.89321	-0.29	782
-2.89376	-0.29	783
-2.89432	-0.289	784
-2.89487	-0.289	785
-2.89542	-0.288	786
-2.89597	-0.288	787
-2.89653	-0.288	788
-2.89708	-0.288	789
-2.89763	-0.287	790
-2.89818	-0.287	791
-2.89873	-0.287	792
-2.89927	-0.287	793
-2.89982	-0.286	794
-2.90037	-0.286	795
-2.90091	-0.285	796
-2.90146	-0.285	797
-2.902	-0.285	798
-2.90255	-0.285	799
-2.90309	-0.284	800
-2.90363	-0.284	801
-2.90417	-0.284	802
-2.90472	-0.284	803
-2.90526	-0.284	804
-2.9058	-0.283	805
-2.90634	-0.283	806
-2.90687	-0.283	807
-2.90741	-0.283	808
-2.90795	-0.283	809
-2.90849	-0.282	810
-2.90902	-0.281	811
-2.90956	-0.281	812
-2.91009	-0.281	813
-2.91062	-0.281	814
-2.91116	-0.281	815
-2.91169	-0.28	816
-2.91222	-0.28	817
-2.91275	-0.28	818
-2.91328	-0.28	819
-2.91381	-0.279	820
-2.91434	-0.279	821
-2.91487	-0.279	822
-2.9154	-0.279	823
-2.91593	-0.279	824
-2.91645	-0.278	825
-2.91698	-0.278	826
-2.91751	-0.278	827
-2.91803	-0.278	828
-2.91855	-0.278	829
-2.91908	-0.278	830
-2.9196	-0.277	831
-2.92012	-0.277	832
-2.92065	-0.277	833
-2.92117	-0.277	834
-2.92169	-0.277	835
-2.92221	-0.276	836
-2.92273	-0.276	837
-2.92324	-0.275	838
-2.92376	-0.275	839
-2.92428	-0.275	840
-2.9248	-0.275	841
-2.92531	-0.275	842
-2.92583	-0.275	843
-2.92634	-0.275	844
-2.92686	-0.274	845
-2.92737	-0.274	846
-2.92788	-0.273	847
-2.9284	-0.273	848
-2.92891	-0.273	849
-2.92942	-0.272	850
-2.92993	-0.272	851
-2.93044	-0.272	852
-2.93095	-0.271	853
-2.93146	-0.271	854
-2.93197	-0.271	855
-2.93247	-0.27	856
-2.93298	-0.27	857
-2.93349	-0.27	858
-2.93399	-0.27	859
-2.9345	-0.27	860
-2.935	-0.27	861
-2.93551	-0.269	862
-2.93601	-0.269	863
-2.93651	-0.268	864
-2.93702	-0.268	865
-2.93752	-0.268	866
-2.93802	-0.267	867
-2.93852	-0.267	868
-2.93902	-0.267	869
-2.93952	-0.267	870
-2.94002	-0.267	871
-2.94052	-0.266	872
-2.94101	-0.266	873
-2.94151	-0.266	874
-2.94201	-0.266	875
-2.9425	-0.265	876
-2.943	-0.265	877
-2.94349	-0.264	878
-2.94399	-0.264	879
-2.94448	-0.264	880
-2.94498	-0.263	881
-2.94547	-0.263	882
-2.94596	-0.263	883
-2.94645	-0.263	884
-2.94694	-0.262	885
-2.94743	-0.262	886
-2.94792	-0.262	887
-2.94841	-0.262	888
-2.9489	-0.261	889
-2.94939	-0.26	890
-2.94988	-0.26	891
-2.95036	-0.259	892
-2.95085	-0.259	893
-2.95134	-0.259	894
-2.95182	-0.259	895
-2.95231	-0.259	896
-2.95279	-0.259	897
-2.95328	-0.259	898
-2.95376	-0.259	899
-2.95424	-0.258	900
-2.95472	-0.258	901
-2.95521	-0.258	902
-2.95569	-0.258	903
-2.95617	-0.258	904
-2.95665	-0.257	905
-2.95713	-0.257	906
-2.95761	-0.257	907
-2.95809	-0.257	908
-2.95856	-0.257	909
-2.95904	-0.257	910
-2.95952	-0.257	911
-2.95999	-0.256	912
-2.96047	-0.256	913
-2.96095	-0.256	914
-2.96142	-0.256	915
-2.9619	-0.256	916
-2.96237	-0.255	917
-2.96284	-0.255	918
-2.96332	-0.255	919
-2.96379	-0.255	920
-2.96426	-0.254	921
-2.96473	-0.254	922
-2.9652	-0.254	923
-2.96567	-0.253	924
-2.96614	-0.253	925
-2.96661	-0.253	926
-2.96708	-0.253	927
-2.96755	-0.253	928
-2.96802	-0.252	929
-2.96848	-0.252	930
-2.96895	-0.252	931
-2.96942	-0.252	932
-2.96988	-0.252	933
-2.97035	-0.252	934
-2.97081	-0.252	935
-2.97128	-0.252	936
-2.97174	-0.251	937
-2.9722	-0.251	938
-2.97267	-0.251	939
-2.97313	-0.251	940
-2.97359	-0.25	941
-2.97405	-0.25	942
-2.97451	-0.25	943
-2.97497	-0.249	944
-2.97543	-0.249	945
-2.97589	-0.249	946
-2.97635	-0.249	947
-2.97681	-0.248	948
-2.97727	-0.247	949
-2.97772	-0.247	950
-2.97818	-0.247	951
-2.97864	-0.245	952
-2.97909	-0.245	953
-2.97955	-0.245	954
-2.98	-0.245	955
-2.98046	-0.245	956
-2.98091	-0.244	957
-2.98137	-0.244	958
-2.98182	-0.244	959
-2.98227	-0.244	960
-2.98272	-0.244	961
-2.98318	-0.244	962
-2.98363	-0.243	963
-2.98408	-0.243	964
-2.98453	-0.243	965
-2.98498	-0.243	966
-2.98543	-0.243	967
-2.98588	-0.243	968
-2.98632	-0.242	969
-2.98677	-0.242	970
-2.98722	-0.242	971
-2.98767	-0.242	972
-2.98811	-0.242	973
-2.98856	-0.241	974
-2.989	-0.241	975
-2.98945	-0.241	976
-2.98989	-0.241	977
-2.99034	-0.241	978
-2.99078	-0.241	979
-2.99123	-0.24	980
-2.99167	-0.24	981
-2.99211	-0.24	982
-2.99255	-0.24	983
-2.993	-0.24	984
-2.99344	-0.24	985
-2.99388	-0.239	986
-2.99432	-0.239	987
-2.99476	-0.238	988
-2.9952	-0.238	989
-2.99564	-0.238	990
-2.99607	-0.238	991
-2.99651	-0.238	992
-2.99695	-0.238	993
-2.99739	-0.237	994
-2.99782	-0.237	995
-2.99826	-0.236	996
-2.9987	-0.236	997
-2.99913	-0.236	998
-2.99957	-0.236	999
-3	-0.236	1000
-3.00043	-0.236	1001
-3.00087	-0.235	1002
-3.0013	-0.235	1003
-3.00173	-0.235	1004
-3.00217	-0.235	1005
-3.0026	-0.235	1006
-3.00303	-0.234	1007
-3.00346	-0.234	1008
-3.00389	-0.234	1009
-3.00432	-0.234	1010
-3.00475	-0.234	1011
-3.00518	-0.234	1012
-3.00561	-0.233	1013
-3.00604	-0.233	1014
-3.00647	-0.233	1015
-3.00689	-0.232	1016
-3.00732	-0.232	1017
-3.00775	-0.232	1018
-3.00817	-0.232	1019
-3.0086	-0.231	1020
-3.00903	-0.231	1021
-3.00945	-0.231	1022
-3.00988	-0.23	1023
-3.0103	-0.23	1024
-3.01072	-0.23	1025
-3.01115	-0.23	1026
-3.01157	-0.23	1027
-3.01199	-0.23	1028
-3.01242	-0.23	1029
-3.01284	-0.229	1030
-3.01326	-0.229	1031
-3.01368	-0.229	1032
-3.0141	-0.229	1033
-3.01452	-0.229	1034
-3.01494	-0.229	1035
-3.01536	-0.229	1036
-3.01578	-0.229	1037
-3.0162	-0.228	1038
-3.01662	-0.228	1039
-3.01703	-0.228	1040
-3.01745	-0.228	1041
-3.01787	-0.228	1042
-3.01828	-0.228	1043
-3.0187	-0.228	1044
-3.01912	-0.228	1045
-3.01953	-0.227	1046
-3.01995	-0.227	1047
-3.02036	-0.226	1048
-3.02078	-0.226	1049
-3.02119	-0.226	1050
-3.0216	-0.226	1051
-3.02202	-0.226	1052
-3.02243	-0.225	1053
-3.02284	-0.225	1054
-3.02325	-0.225	1055
-3.02366	-0.224	1056
-3.02407	-0.224	1057
-3.02449	-0.224	1058
-3.0249	-0.224	1059
-3.02531	-0.224	1060
-3.02572	-0.223	1061
-3.02612	-0.223	1062
-3.02653	-0.222	1063
-3.02694	-0.222	1064
-3.02735	-0.222	1065
-3.02776	-0.222	1066
-3.02816	-0.221	1067
-3.02857	-0.221	1068
-3.02898	-0.221	1069
-3.02938	-0.221	1070
-3.02979	-0.22	1071
-3.03019	-0.22	1072
-3.0306	-0.22	1073
-3.031	-0.22	1074
-3.03141	-0.22	1075
-3.03181	-0.22	1076
-3.03222	-0.219	1077
-3.03262	-0.219	1078
-3.03302	-0.219	1079
-3.03342	-0.218	1080
-3.03383	-0.218	1081
-3.03423	-0.218	1082
-3.03463	-0.218	1083
-3.03503	-0.218	1084
-3.03543	-0.218	1085
-3.03583	-0.218	1086
-3.03623	-0.217	1087
-3.03663	-0.217	1088
-3.03703	-0.217	1089
-3.03743	-0.217	1090
-3.03782	-0.217	1091
-3.03822	-0.216	1092
-3.03862	-0.216	1093
-3.03902	-0.215	1094
-3.03941	-0.215	1095
-3.03981	-0.214	1096
-3.04021	-0.214	1097
-3.0406	-0.214	1098
-3.041	-0.214	1099
-3.04139	-0.213	1100
-3.04179	-0.213	1101
-3.04218	-0.213	1102
-3.04258	-0.212	1103
-3.04297	-0.212	1104
-3.04336	-0.211	1105
-3.04376	-0.211	1106
-3.04415	-0.211	1107
-3.04454	-0.21	1108
-3.04493	-0.21	1109
-3.04532	-0.21	1110
-3.04571	-0.21	1111
-3.0461	-0.21	1112
-3.0465	-0.209	1113
-3.04689	-0.209	1114
-3.04727	-0.208	1115
-3.04766	-0.208	1116
-3.04805	-0.208	1117
-3.04844	-0.208	1118
-3.04883	-0.208	1119
-3.04922	-0.208	1120
-3.04961	-0.208	1121
-3.04999	-0.208	1122
-3.05038	-0.208	1123
-3.05077	-0.207	1124
-3.05115	-0.207	1125
-3.05154	-0.206	1126
-3.05192	-0.206	1127
-3.05231	-0.206	1128
-3.05269	-0.206	1129
-3.05308	-0.206	1130
-3.05346	-0.205	1131
-3.05385	-0.205	1132
-3.05423	-0.205	1133
-3.05461	-0.205	1134
-3.055	-0.204	1135
-3.05538	-0.204	1136
-3.05576	-0.204	1137
-3.05614	-0.203	1138
-3.05652	-0.203	1139
-3.0569	-0.203	1140
-3.05729	-0.203	1141
-3.05767	-0.202	1142
-3.05805	-0.202	1143
-3.05843	-0.202	1144
-3.05881	-0.201	1145
-3.05918	-0.201	1146
-3.05956	-0.201	1147
-3.05994	-0.201	1148
-3.06032	-0.2	1149
-3.0607	-0.2	1150
-3.06108	-0.2	1151
-3.06145	-0.2	1152
-3.06183	-0.2	1153
-3.06221	-0.2	1154
-3.06258	-0.2	1155
-3.06296	-0.199	1156
-3.06333	-0.199	1157
-3.06371	-0.199	1158
-3.06408	-0.199	1159
-3.06446	-0.199	1160
-3.06483	-0.199	1161
-3.06521	-0.199	1162
-3.06558	-0.198	1163
-3.06595	-0.198	1164
-3.06633	-0.198	1165
-3.0667	-0.198	1166
-3.06707	-0.197	1167
-3.06744	-0.197	1168
-3.06781	-0.197	1169
-3.06819	-0.197	1170
-3.06856	-0.196	1171
-3.06893	-0.196	1172
-3.0693	-0.196	1173
-3.06967	-0.196	1174
-3.07004	-0.195	1175
-3.07041	-0.195	1176
-3.07078	-0.195	1177
-3.07115	-0.195	1178
-3.07151	-0.195	1179
-3.07188	-0.195	1180
-3.07225	-0.195	1181
-3.07262	-0.194	1182
-3.07298	-0.194	1183
-3.07335	-0.194	1184
-3.07372	-0.194	1185
-3.07408	-0.194	1186
-3.07445	-0.194	1187
-3.07482	-0.194	1188
-3.07518	-0.193	1189
-3.07555	-0.193	1190
-3.07591	-0.193	1191
-3.07628	-0.192	1192
-3.07664	-0.192	1193
-3.077	-0.192	1194
-3.07737	-0.192	1195
-3.07773	-0.191	1196
-3.07809	-0.191	1197
-3.07846	-0.191	1198
-3.07882	-0.191	1199
-3.07918	-0.191	1200
-3.07954	-0.19	1201
-3.0799	-0.19	1202
-3.08027	-0.19	1203
-3.08063	-0.19	1204
-3.08099	-0.19	1205
-3.08135	-0.19	1206
-3.08171	-0.189	1207
-3.08207	-0.189	1208
-3.08243	-0.189	1209
-3.08279	-0.188	1210
-3.08314	-0.188	1211
-3.0835	-0.188	1212
-3.08386	-0.188	1213
-3.08422	-0.188	1214
-3.08458	-0.188	1215
-3.08493	-0.187	1216
-3.08529	-0.187	1217
-3.08565	-0.187	1218
-3.086	-0.187	1219
-3.08636	-0.187	1220
-3.08672	-0.186	1221
-3.08707	-0.186	1222
-3.08743	-0.186	1223
-3.08778	-0.186	1224
-3.08814	-0.186	1225
-3.08849	-0.186	1226
-3.08884	-0.185	1227
-3.0892	-0.185	1228
-3.08955	-0.184	1229
-3.08991	-0.184	1230
-3.09026	-0.184	1231
-3.09061	-0.184	1232
-3.09096	-0.183	1233
-3.09132	-0.183	1234
-3.09167	-0.183	1235
-3.09202	-0.183	1236
-3.09237	-0.182	1237
-3.09272	-0.182	1238
-3.09307	-0.182	1239
-3.09342	-0.182	1240
-3.09377	-0.182	1241
-3.09412	-0.182	1242
-3.09447	-0.181	1243
-3.09482	-0.181	1244
-3.09517	-0.181	1245
-3.09552	-0.181	1246
-3.09587	-0.181	1247
-3.09621	-0.18	1248
-3.09656	-0.18	1249
-3.09691	-0.18	1250
-3.09726	-0.18	1251
-3.0976	-0.18	1252
-3.09795	-0.18	1253
-3.0983	-0.18	1254
-3.09864	-0.179	1255
-3.09899	-0.179	1256
-3.09934	-0.179	1257
-3.09968	-0.179	1258
-3.10003	-0.179	1259
-3.10037	-0.179	1260
-3.10072	-0.178	1261
-3.10106	-0.178	1262
-3.1014	-0.178	1263
-3.10175	-0.178	1264
-3.10209	-0.178	1265
-3.10243	-0.178	1266
-3.10278	-0.178	1267
-3.10312	-0.178	1268
-3.10346	-0.177	1269
-3.1038	-0.176	1270
-3.10415	-0.175	1271
-3.10449	-0.175	1272
-3.10483	-0.175	1273
-3.10517	-0.175	1274
-3.10551	-0.174	1275
-3.10585	-0.174	1276
-3.10619	-0.174	1277
-3.10653	-0.173	1278
-3.10687	-0.173	1279
-3.10721	-0.173	1280
-3.10755	-0.173	1281
-3.10789	-0.173	1282
-3.10823	-0.172	1283
-3.10857	-0.171	1284
-3.1089	-0.171	1285
-3.10924	-0.171	1286
-3.10958	-0.171	1287
-3.10992	-0.171	1288
-3.11025	-0.17	1289
-3.11059	-0.17	1290
-3.11093	-0.169	1291
-3.11126	-0.169	1292
-3.1116	-0.169	1293
-3.11193	-0.168	1294
-3.11227	-0.168	1295
-3.11261	-0.167	1296
-3.11294	-0.167	1297
-3.11327	-0.167	1298
-3.11361	-0.166	1299
-3.11394	-0.166	1300
-3.11428	-0.166	1301
-3.11461	-0.166	1302
-3.11494	-0.166	1303
-3.11528	-0.165	1304
-3.11561	-0.164	1305
-3.11594	-0.164	1306
-3.11628	-0.164	1307
-3.11661	-0.164	1308
-3.11694	-0.164	1309
-3.11727	-0.163	1310
-3.1176	-0.163	1311
-3.11793	-0.163	1312
-3.11826	-0.163	1313
-3.1186	-0.163	1314
-3.11893	-0.163	1315
-3.11926	-0.162	1316
-3.11959	-0.162	1317
-3.11992	-0.162	1318
-3.12024	-0.162	1319
-3.12057	-0.161	1320
-3.1209	-0.161	1321
-3.12123	-0.161	1322
-3.12156	-0.161	1323
-3.12189	-0.161	1324
-3.12222	-0.161	1325
-3.12254	-0.161	1326
-3.12287	-0.161	1327
-3.1232	-0.161	1328
-3.12352	-0.161	1329
-3.12385	-0.16	1330
-3.12418	-0.16	1331
-3.1245	-0.16	1332
-3.12483	-0.16	1333
-3.12516	-0.16	1334
-3.12548	-0.159	1335
-3.12581	-0.159	1336
-3.12613	-0.159	1337
-3.12646	-0.159	1338
-3.12678	-0.159	1339
-3.1271	-0.159	1340
-3.12743	-0.158	1341
-3.12775	-0.158	1342
-3.12808	-0.158	1343
-3.1284	-0.158	1344
-3.12872	-0.158	1345
-3.12905	-0.158	1346
-3.12937	-0.158	1347
-3.12969	-0.157	1348
-3.13001	-0.157	1349
-3.13033	-0.157	1350
-3.13066	-0.157	1351
-3.13098	-0.157	1352
-3.1313	-0.156	1353
-3.13162	-0.156	1354
-3.13194	-0.156	1355
-3.13226	-0.156	1356
-3.13258	-0.156	1357
-3.1329	-0.156	1358
-3.13322	-0.156	1359
-3.13354	-0.155	1360
-3.13386	-0.155	1361
-3.13418	-0.155	1362
-3.1345	-0.154	1363
-3.13481	-0.153	1364
-3.13513	-0.153	1365
-3.13545	-0.153	1366
-3.13577	-0.153	1367
-3.13609	-0.152	1368
-3.1364	-0.152	1369
-3.13672	-0.152	1370
-3.13704	-0.152	1371
-3.13735	-0.152	1372
-3.13767	-0.151	1373
-3.13799	-0.151	1374
-3.1383	-0.151	1375
-3.13862	-0.151	1376
-3.13893	-0.151	1377
-3.13925	-0.151	1378
-3.13956	-0.151	1379
-3.13988	-0.15	1380
-3.14019	-0.15	1381
-3.14051	-0.15	1382
-3.14082	-0.15	1383
-3.14114	-0.149	1384
-3.14145	-0.149	1385
-3.14176	-0.149	1386
-3.14208	-0.149	1387
-3.14239	-0.149	1388
-3.1427	-0.148	1389
-3.14301	-0.148	1390
-3.14333	-0.148	1391
-3.14364	-0.148	1392
-3.14395	-0.148	1393
-3.14426	-0.148	1394
-3.14457	-0.148	1395
-3.14489	-0.148	1396
-3.1452	-0.148	1397
-3.14551	-0.146	1398
-3.14582	-0.146	1399
-3.14613	-0.146	1400
-3.14644	-0.145	1401
-3.14675	-0.145	1402
-3.14706	-0.145	1403
-3.14737	-0.145	1404
-3.14768	-0.144	1405
-3.14799	-0.144	1406
-3.14829	-0.144	1407
-3.1486	-0.144	1408
-3.14891	-0.144	1409
-3.14922	-0.143	1410
-3.14953	-0.143	1411
-3.14983	-0.143	1412
-3.15014	-0.143	1413
-3.15045	-0.143	1414
-3.15076	-0.143	1415
-3.15106	-0.143	1416
-3.15137	-0.143	1417
-3.15168	-0.142	1418
-3.15198	-0.142	1419
-3.15229	-0.142	1420
-3.15259	-0.142	1421
-3.1529	-0.142	1422
-3.1532	-0.142	1423
-3.15351	-0.141	1424
-3.15381	-0.141	1425
-3.15412	-0.141	1426
-3.15442	-0.141	1427
-3.15473	-0.141	1428
-3.15503	-0.14	1429
-3.15534	-0.14	1430
-3.15564	-0.14	1431
-3.15594	-0.14	1432
-3.15625	-0.14	1433
-3.15655	-0.139	1434
-3.15685	-0.139	1435
-3.15715	-0.138	1436
-3.15746	-0.138	1437
-3.15776	-0.137	1438
-3.15806	-0.137	1439
-3.15836	-0.137	1440
-3.15866	-0.137	1441
-3.15897	-0.137	1442
-3.15927	-0.136	1443
-3.15957	-0.136	1444
-3.15987	-0.136	1445
-3.16017	-0.136	1446
-3.16047	-0.136	1447
-3.16077	-0.135	1448
-3.16107	-0.135	1449
-3.16137	-0.135	1450
-3.16167	-0.134	1451
-3.16197	-0.134	1452
-3.16227	-0.134	1453
-3.16256	-0.134	1454
-3.16286	-0.134	1455
-3.16316	-0.134	1456
-3.16346	-0.134	1457
-3.16376	-0.133	1458
-3.16406	-0.133	1459
-3.16435	-0.133	1460
-3.16465	-0.133	1461
-3.16495	-0.133	1462
-3.16524	-0.132	1463
-3.16554	-0.132	1464
-3.16584	-0.132	1465
-3.16613	-0.132	1466
-3.16643	-0.132	1467
-3.16673	-0.131	1468
-3.16702	-0.131	1469
-3.16732	-0.131	1470
-3.16761	-0.131	1471
-3.16791	-0.13	1472
-3.1682	-0.13	1473
-3.1685	-0.13	1474
-3.16879	-0.13	1475
-3.16909	-0.129	1476
-3.16938	-0.129	1477
-3.16967	-0.129	1478
-3.16997	-0.129	1479
-3.17026	-0.129	1480
-3.17056	-0.128	1481
-3.17085	-0.128	1482
-3.17114	-0.128	1483
-3.17143	-0.128	1484
-3.17173	-0.127	1485
-3.17202	-0.127	1486
-3.17231	-0.127	1487
-3.1726	-0.127	1488
-3.17289	-0.127	1489
-3.17319	-0.127	1490
-3.17348	-0.127	1491
-3.17377	-0.126	1492
-3.17406	-0.126	1493
-3.17435	-0.126	1494
-3.17464	-0.126	1495
-3.17493	-0.126	1496
-3.17522	-0.126	1497
-3.17551	-0.126	1498
-3.1758	-0.125	1499
-3.17609	-0.125	1500
-3.17638	-0.125	1501
-3.17667	-0.125	1502
-3.17696	-0.124	1503
-3.17725	-0.123	1504
-3.17754	-0.123	1505
-3.17782	-0.123	1506
-3.17811	-0.122	1507
-3.1784	-0.122	1508
-3.17869	-0.122	1509
-3.17898	-0.122	1510
-3.17926	-0.122	1511
-3.17955	-0.122	1512
-3.17984	-0.122	1513
-3.18013	-0.122	1514
-3.18041	-0.122	1515
-3.1807	-0.121	1516
-3.18099	-0.121	1517
-3.18127	-0.12	1518
-3.18156	-0.12	1519
-3.18184	-0.12	1520
-3.18213	-0.119	1521
-3.18241	-0.119	1522
-3.1827	-0.118	1523
-3.18298	-0.118	1524
-3.18327	-0.118	1525
-3.18355	-0.118	1526
-3.18384	-0.117	1527
-3.18412	-0.117	1528
-3.18441	-0.117	1529
-3.18469	-0.117	1530
-3.18498	-0.117	1531
-3.18526	-0.117	1532
-3.18554	-0.117	1533
-3.18583	-0.116	1534
-3.18611	-0.116	1535
-3.18639	-0.115	1536
-3.18667	-0.115	1537
-3.18696	-0.115	1538
-3.18724	-0.113	1539
-3.18752	-0.113	1540
-3.1878	-0.113	1541
-3.18808	-0.113	1542
-3.18837	-0.113	1543
-3.18865	-0.112	1544
-3.18893	-0.112	1545
-3.18921	-0.112	1546
-3.18949	-0.112	1547
-3.18977	-0.112	1548
-3.19005	-0.112	1549
-3.19033	-0.112	1550
-3.19061	-0.111	1551
-3.19089	-0.111	1552
-3.19117	-0.111	1553
-3.19145	-0.11	1554
-3.19173	-0.11	1555
-3.19201	-0.11	1556
-3.19229	-0.109	1557
-3.19257	-0.109	1558
-3.19285	-0.109	1559
-3.19312	-0.109	1560
-3.1934	-0.108	1561
-3.19368	-0.108	1562
-3.19396	-0.108	1563
-3.19424	-0.108	1564
-3.19451	-0.108	1565
-3.19479	-0.108	1566
-3.19507	-0.108	1567
-3.19535	-0.108	1568
-3.19562	-0.107	1569
-3.1959	-0.107	1570
-3.19618	-0.106	1571
-3.19645	-0.105	1572
-3.19673	-0.105	1573
-3.197	-0.105	1574
-3.19728	-0.105	1575
-3.19756	-0.104	1576
-3.19783	-0.104	1577
-3.19811	-0.104	1578
-3.19838	-0.104	1579
-3.19866	-0.104	1580
-3.19893	-0.104	1581
-3.19921	-0.103	1582
-3.19948	-0.103	1583
-3.19976	-0.103	1584
-3.20003	-0.103	1585
-3.2003	-0.103	1586
-3.20058	-0.102	1587
-3.20085	-0.102	1588
-3.20112	-0.102	1589
-3.2014	-0.102	1590
-3.20167	-0.102	1591
-3.20194	-0.102	1592
-3.20222	-0.102	1593
-3.20249	-0.101	1594
-3.20276	-0.101	1595
-3.20303	-0.101	1596
-3.2033	-0.101	1597
-3.20358	-0.101	1598
-3.20385	-0.101	1599
-3.20412	-0.101	1600
-3.20439	-0.1	1601
-3.20466	-0.1	1602
-3.20493	-0.1	1603
-3.2052	-0.1	1604
-3.20548	-0.099	1605
-3.20575	-0.098	1606
-3.20602	-0.098	1607
-3.20629	-0.098	1608
-3.20656	-0.098	1609
-3.20683	-0.098	1610
-3.2071	-0.097	1611
-3.20737	-0.097	1612
-3.20763	-0.097	1613
-3.2079	-0.097	1614
-3.20817	-0.097	1615
-3.20844	-0.097	1616
-3.20871	-0.096	1617
-3.20898	-0.095	1618
-3.20925	-0.095	1619
-3.20952	-0.095	1620
-3.20978	-0.095	1621
-3.21005	-0.095	1622
-3.21032	-0.094	1623
-3.21059	-0.094	1624
-3.21085	-0.094	1625
-3.21112	-0.093	1626
-3.21139	-0.092	1627
-3.21165	-0.092	1628
-3.21192	-0.092	1629
-3.21219	-0.092	1630
-3.21245	-0.091	1631
-3.21272	-0.091	1632
-3.21299	-0.09	1633
-3.21325	-0.09	1634
-3.21352	-0.09	1635
-3.21378	-0.09	1636
-3.21405	-0.09	1637
-3.21431	-0.09	1638
-3.21458	-0.089	1639
-3.21484	-0.089	1640
-3.21511	-0.088	1641
-3.21537	-0.088	1642
-3.21564	-0.088	1643
-3.2159	-0.088	1644
-3.21617	-0.087	1645
-3.21643	-0.087	1646
-3.21669	-0.087	1647
-3.21696	-0.087	1648
-3.21722	-0.087	1649
-3.21748	-0.087	1650
-3.21775	-0.086	1651
-3.21801	-0.086	1652
-3.21827	-0.086	1653
-3.21854	-0.084	1654
-3.2188	-0.084	1655
-3.21906	-0.084	1656
-3.21932	-0.083	1657
-3.21958	-0.082	1658
-3.21985	-0.082	1659
-3.22011	-0.082	1660
-3.22037	-0.082	1661
-3.22063	-0.082	1662
-3.22089	-0.082	1663
-3.22115	-0.082	1664
-3.22141	-0.081	1665
-3.22167	-0.081	1666
-3.22194	-0.08	1667
-3.2222	-0.08	1668
-3.22246	-0.079	1669
-3.22272	-0.079	1670
-3.22298	-0.079	1671
-3.22324	-0.079	1672
-3.2235	-0.079	1673
-3.22376	-0.079	1674
-3.22401	-0.078	1675
-3.22427	-0.078	1676
-3.22453	-0.078	1677
-3.22479	-0.078	1678
-3.22505	-0.078	1679
-3.22531	-0.078	1680
-3.22557	-0.078	1681
-3.22583	-0.077	1682
-3.22608	-0.077	1683
-3.22634	-0.076	1684
-3.2266	-0.076	1685
-3.22686	-0.076	1686
-3.22712	-0.076	1687
-3.22737	-0.076	1688
-3.22763	-0.076	1689
-3.22789	-0.076	1690
-3.22814	-0.076	1691
-3.2284	-0.075	1692
-3.22866	-0.075	1693
-3.22891	-0.075	1694
-3.22917	-0.075	1695
-3.22943	-0.075	1696
-3.22968	-0.075	1697
-3.22994	-0.074	1698
-3.23019	-0.074	1699
-3.23045	-0.074	1700
-3.2307	-0.074	1701
-3.23096	-0.074	1702
-3.23121	-0.073	1703
-3.23147	-0.073	1704
-3.23172	-0.073	1705
-3.23198	-0.073	1706
-3.23223	-0.073	1707
-3.23249	-0.073	1708
-3.23274	-0.072	1709
-3.233	-0.072	1710
-3.23325	-0.072	1711
-3.2335	-0.072	1712
-3.23376	-0.072	1713
-3.23401	-0.071	1714
-3.23426	-0.071	1715
-3.23452	-0.07	1716
-3.23477	-0.069	1717
-3.23502	-0.069	1718
-3.23528	-0.069	1719
-3.23553	-0.069	1720
-3.23578	-0.069	1721
-3.23603	-0.069	1722
-3.23629	-0.068	1723
-3.23654	-0.068	1724
-3.23679	-0.068	1725
-3.23704	-0.068	1726
-3.23729	-0.068	1727
-3.23754	-0.068	1728
-3.23779	-0.067	1729
-3.23805	-0.067	1730
-3.2383	-0.067	1731
-3.23855	-0.067	1732
-3.2388	-0.066	1733
-3.23905	-0.066	1734
-3.2393	-0.066	1735
-3.23955	-0.065	1736
-3.2398	-0.065	1737
-3.24005	-0.065	1738
-3.2403	-0.065	1739
-3.24055	-0.065	1740
-3.2408	-0.064	1741
-3.24105	-0.064	1742
-3.2413	-0.064	1743
-3.24155	-0.063	1744
-3.2418	-0.063	1745
-3.24204	-0.063	1746
-3.24229	-0.063	1747
-3.24254	-0.063	1748
-3.24279	-0.063	1749
-3.24304	-0.061	1750
-3.24329	-0.06	1751
-3.24353	-0.06	1752
-3.24378	-0.06	1753
-3.24403	-0.06	1754
-3.24428	-0.059	1755
-3.24452	-0.059	1756
-3.24477	-0.059	1757
-3.24502	-0.058	1758
-3.24527	-0.058	1759
-3.24551	-0.058	1760
-3.24576	-0.057	1761
-3.24601	-0.057	1762
-3.24625	-0.057	1763
-3.2465	-0.057	1764
-3.24674	-0.056	1765
-3.24699	-0.056	1766
-3.24724	-0.056	1767
-3.24748	-0.056	1768
-3.24773	-0.056	1769
-3.24797	-0.056	1770
-3.24822	-0.055	1771
-3.24846	-0.055	1772
-3.24871	-0.055	1773
-3.24895	-0.055	1774
-3.2492	-0.055	1775
-3.24944	-0.054	1776
-3.24969	-0.053	1777
-3.24993	-0.053	1778
-3.25018	-0.053	1779
-3.25042	-0.053	1780
-3.25066	-0.053	1781
-3.25091	-0.052	1782
-3.25115	-0.052	1783
-3.25139	-0.052	1784
-3.25164	-0.051	1785
-3.25188	-0.051	1786
-3.25212	-0.051	1787
-3.25237	-0.051	1788
-3.25261	-0.051	1789
-3.25285	-0.05	1790
-3.2531	-0.05	1791
-3.25334	-0.049	1792
-3.25358	-0.049	1793
-3.25382	-0.049	1794
-3.25406	-0.049	1795
-3.25431	-0.049	1796
-3.25455	-0.049	1797
-3.25479	-0.048	1798
-3.25503	-0.048	1799
-3.25527	-0.048	1800
-3.25551	-0.047	1801
-3.25575	-0.047	1802
-3.256	-0.047	1803
-3.25624	-0.046	1804
-3.25648	-0.046	1805
-3.25672	-0.046	1806
-3.25696	-0.046	1807
-3.2572	-0.045	1808
-3.25744	-0.045	1809
-3.25768	-0.045	1810
-3.25792	-0.044	1811
-3.25816	-0.044	1812
-3.2584	-0.043	1813
-3.25864	-0.043	1814
-3.25888	-0.043	1815
-3.25912	-0.043	1816
-3.25935	-0.042	1817
-3.25959	-0.042	1818
-3.25983	-0.042	1819
-3.26007	-0.041	1820
-3.26031	-0.041	1821
-3.26055	-0.041	1822
-3.26079	-0.041	1823
-3.26102	-0.041	1824
-3.26126	-0.041	1825
-3.2615	-0.04	1826
-3.26174	-0.04	1827
-3.26198	-0.04	1828
-3.26221	-0.039	1829
-3.26245	-0.039	1830
-3.26269	-0.039	1831
-3.26293	-0.039	1832
-3.26316	-0.038	1833
-3.2634	-0.038	1834
-3.26364	-0.038	1835
-3.26387	-0.038	1836
-3.26411	-0.038	1837
-3.26435	-0.038	1838
-3.26458	-0.038	1839
-3.26482	-0.037	1840
-3.26505	-0.037	1841
-3.26529	-0.037	1842
-3.26553	-0.037	1843
-3.26576	-0.037	1844
-3.266	-0.036	1845
-3.26623	-0.036	1846
-3.26647	-0.036	1847
-3.2667	-0.036	1848
-3.26694	-0.036	1849
-3.26717	-0.036	1850
-3.26741	-0.036	1851
-3.26764	-0.036	1852
-3.26788	-0.035	1853
-3.26811	-0.034	1854
-3.26834	-0.034	1855
-3.26858	-0.034	1856
-3.26881	-0.034	1857
-3.26905	-0.034	1858
-3.26928	-0.034	1859
-3.26951	-0.033	1860
-3.26975	-0.033	1861
-3.26998	-0.032	1862
-3.27021	-0.032	1863
-3.27045	-0.031	1864
-3.27068	-0.031	1865
-3.27091	-0.031	1866
-3.27114	-0.031	1867
-3.27138	-0.031	1868
-3.27161	-0.031	1869
-3.27184	-0.03	1870
-3.27207	-0.03	1871
-3.27231	-0.03	1872
-3.27254	-0.029	1873
-3.27277	-0.029	1874
-3.273	-0.029	1875
-3.27323	-0.028	1876
-3.27346	-0.028	1877
-3.2737	-0.028	1878
-3.27393	-0.028	1879
-3.27416	-0.027	1880
-3.27439	-0.027	1881
-3.27462	-0.026	1882
-3.27485	-0.026	1883
-3.27508	-0.025	1884
-3.27531	-0.024	1885
-3.27554	-0.024	1886
-3.27577	-0.024	1887
-3.276	-0.024	1888
-3.27623	-0.024	1889
-3.27646	-0.023	1890
-3.27669	-0.023	1891
-3.27692	-0.022	1892
-3.27715	-0.022	1893
-3.27738	-0.022	1894
-3.27761	-0.021	1895
-3.27784	-0.021	1896
-3.27807	-0.021	1897
-3.2783	-0.021	1898
-3.27852	-0.021	1899
-3.27875	-0.02	1900
-3.27898	-0.02	1901
-3.27921	-0.019	1902
-3.27944	-0.019	1903
-3.27967	-0.019	1904
-3.27989	-0.019	1905
-3.28012	-0.018	1906
-3.28035	-0.018	1907
-3.28058	-0.018	1908
-3.28081	-0.018	1909
-3.28103	-0.018	1910
-3.28126	-0.017	1911
-3.28149	-0.015	1912
-3.28171	-0.015	1913
-3.28194	-0.015	1914
-3.28217	-0.014	1915
-3.2824	-0.014	1916
-3.28262	-0.014	1917
-3.28285	-0.014	1918
-3.28307	-0.013	1919
-3.2833	-0.013	1920
-3.28353	-0.013	1921
-3.28375	-0.012	1922
-3.28398	-0.012	1923
-3.28421	-0.011	1924
-3.28443	-0.011	1925
-3.28466	-0.011	1926
-3.28488	-0.01	1927
-3.28511	-0.01	1928
-3.28533	-0.01	1929
-3.28556	-0.01	1930
-3.28578	-0.009	1931
-3.28601	-0.009	1932
-3.28623	-0.009	1933
-3.28646	-0.009	1934
-3.28668	-0.009	1935
-3.28691	-0.009	1936
-3.28713	-0.008	1937
-3.28735	-0.008	1938
-3.28758	-0.008	1939
-3.2878	-0.008	1940
-3.28803	-0.007	1941
-3.28825	-0.007	1942
-3.28847	-0.007	1943
-3.2887	-0.007	1944
-3.28892	-0.006	1945
-3.28914	-0.006	1946
-3.28937	-0.005	1947
-3.28959	-0.005	1948
-3.28981	-0.005	1949
-3.29003	-0.005	1950
-3.29026	-0.005	1951
-3.29048	-0.004	1952
-3.2907	-0.004	1953
-3.29092	-0.003	1954
-3.29115	-0.003	1955
-3.29137	-0.003	1956
-3.29159	-0.003	1957
-3.29181	-0.002	1958
-3.29203	-0.001	1959
-3.29226	0	1960
-3.29248	0	1961
-3.2927	0	1962
-3.29292	0	1963
-3.29314	0.001	1964
-3.29336	0.002	1965
-3.29358	0.002	1966
-3.2938	0.002	1967
-3.29403	0.002	1968
-3.29425	0.002	1969
-3.29447	0.003	1970
-3.29469	0.003	1971
-3.29491	0.003	1972
-3.29513	0.004	1973
-3.29535	0.004	1974
-3.29557	0.004	1975
-3.29579	0.005	1976
-3.29601	0.006	1977
-3.29623	0.006	1978
-3.29645	0.006	1979
-3.29667	0.007	1980
-3.29688	0.007	1981
-3.2971	0.007	1982
-3.29732	0.007	1983
-3.29754	0.007	1984
-3.29776	0.007	1985
-3.29798	0.008	1986
-3.2982	0.008	1987
-3.29842	0.008	1988
-3.29863	0.008	1989
-3.29885	0.009	1990
-3.29907	0.009	1991
-3.29929	0.009	1992
-3.29951	0.009	1993
-3.29973	0.009	1994
-3.29994	0.009	1995
-3.30016	0.01	1996
-3.30038	0.01	1997
-3.3006	0.01	1998
-3.30081	0.01	1999
-3.30103	0.01	2000
-3.30125	0.011	2001
-3.30146	0.012	2002
-3.30168	0.012	2003
-3.3019	0.012	2004
-3.30211	0.013	2005
-3.30233	0.013	2006
-3.30255	0.013	2007
-3.30276	0.013	2008
-3.30298	0.013	2009
-3.3032	0.013	2010
-3.30341	0.013	2011
-3.30363	0.014	2012
-3.30384	0.015	2013
-3.30406	0.015	2014
-3.30428	0.015	2015
-3.30449	0.015	2016
-3.30471	0.015	2017
-3.30492	0.015	2018
-3.30514	0.015	2019
-3.30535	0.016	2020
-3.30557	0.016	2021
-3.30578	0.017	2022
-3.306	0.017	2023
-3.30621	0.017	2024
-3.30643	0.018	2025
-3.30664	0.018	2026
-3.30685	0.018	2027
-3.30707	0.018	2028
-3.30728	0.018	2029
-3.3075	0.018	2030
-3.30771	0.019	2031
-3.30792	0.019	2032
-3.30814	0.019	2033
-3.30835	0.02	2034
-3.30856	0.021	2035
-3.30878	0.021	2036
-3.30899	0.021	2037
-3.3092	0.022	2038
-3.30942	0.022	2039
-3.30963	0.022	2040
-3.30984	0.022	2041
-3.31006	0.022	2042
-3.31027	0.023	2043
-3.31048	0.023	2044
-3.31069	0.024	2045
-3.31091	0.024	2046
-3.31112	0.024	2047
-3.31133	0.024	2048
-3.31154	0.024	2049
-3.31175	0.025	2050
-3.31197	0.025	2051
-3.31218	0.025	2052
-3.31239	0.025	2053
-3.3126	0.025	2054
-3.31281	0.026	2055
-3.31302	0.026	2056
-3.31323	0.026	2057
-3.31345	0.026	2058
-3.31366	0.026	2059
-3.31387	0.026	2060
-3.31408	0.027	2061
-3.31429	0.027	2062
-3.3145	0.027	2063
-3.31471	0.027	2064
-3.31492	0.028	2065
-3.31513	0.028	2066
-3.31534	0.028	2067
-3.31555	0.029	2068
-3.31576	0.029	2069
-3.31597	0.029	2070
-3.31618	0.029	2071
-3.31639	0.03	2072
-3.3166	0.03	2073
-3.31681	0.031	2074
-3.31702	0.031	2075
-3.31723	0.031	2076
-3.31744	0.031	2077
-3.31765	0.031	2078
-3.31785	0.031	2079
-3.31806	0.031	2080
-3.31827	0.032	2081
-3.31848	0.032	2082
-3.31869	0.033	2083
-3.3189	0.034	2084
-3.31911	0.035	2085
-3.31931	0.035	2086
-3.31952	0.035	2087
-3.31973	0.036	2088
-3.31994	0.037	2089
-3.32015	0.037	2090
-3.32035	0.038	2091
-3.32056	0.038	2092
-3.32077	0.038	2093
-3.32098	0.038	2094
-3.32118	0.038	2095
-3.32139	0.039	2096
-3.3216	0.04	2097
-3.32181	0.041	2098
-3.32201	0.041	2099
-3.32222	0.041	2100
-3.32243	0.043	2101
-3.32263	0.043	2102
-3.32284	0.044	2103
-3.32305	0.044	2104
-3.32325	0.044	2105
-3.32346	0.044	2106
-3.32366	0.044	2107
-3.32387	0.044	2108
-3.32408	0.044	2109
-3.32428	0.045	2110
-3.32449	0.046	2111
-3.32469	0.046	2112
-3.3249	0.046	2113
-3.3251	0.046	2114
-3.32531	0.047	2115
-3.32552	0.047	2116
-3.32572	0.047	2117
-3.32593	0.047	2118
-3.32613	0.047	2119
-3.32634	0.047	2120
-3.32654	0.048	2121
-3.32675	0.048	2122
-3.32695	0.048	2123
-3.32715	0.049	2124
-3.32736	0.049	2125
-3.32756	0.05	2126
-3.32777	0.05	2127
-3.32797	0.05	2128
-3.32818	0.05	2129
-3.32838	0.05	2130
-3.32858	0.05	2131
-3.32879	0.05	2132
-3.32899	0.05	2133
-3.32919	0.051	2134
-3.3294	0.052	2135
-3.3296	0.052	2136
-3.3298	0.052	2137
-3.33001	0.053	2138
-3.33021	0.053	2139
-3.33041	0.053	2140
-3.33062	0.054	2141
-3.33082	0.054	2142
-3.33102	0.054	2143
-3.33122	0.055	2144
-3.33143	0.055	2145
-3.33163	0.055	2146
-3.33183	0.055	2147
-3.33203	0.056	2148
-3.33224	0.056	2149
-3.33244	0.057	2150
-3.33264	0.057	2151
-3.33284	0.057	2152
-3.33304	0.058	2153
-3.33325	0.058	2154
-3.33345	0.058	2155
-3.33365	0.058	2156
-3.33385	0.058	2157
-3.33405	0.058	2158
-3.33425	0.058	2159
-3.33445	0.059	2160
-3.33465	0.059	2161
-3.33486	0.059	2162
-3.33506	0.059	2163
-3.33526	0.059	2164
-3.33546	0.059	2165
-3.33566	0.061	2166
-3.33586	0.061	2167
-3.33606	0.061	2168
-3.33626	0.061	2169
-3.33646	0.061	2170
-3.33666	0.062	2171
-3.33686	0.062	2172
-3.33706	0.062	2173
-3.33726	0.062	2174
-3.33746	0.062	2175
-3.33766	0.063	2176
-3.33786	0.063	2177
-3.33806	0.064	2178
-3.33826	0.064	2179
-3.33846	0.064	2180
-3.33866	0.064	2181
-3.33885	0.065	2182
-3.33905	0.065	2183
-3.33925	0.066	2184
-3.33945	0.066	2185
-3.33965	0.067	2186
-3.33985	0.067	2187
-3.34005	0.067	2188
-3.34025	0.068	2189
-3.34044	0.068	2190
-3.34064	0.068	2191
-3.34084	0.068	2192
-3.34104	0.069	2193
-3.34124	0.069	2194
-3.34143	0.069	2195
-3.34163	0.069	2196
-3.34183	0.069	2197
-3.34203	0.07	2198
-3.34223	0.07	2199
-3.34242	0.071	2200
-3.34262	0.071	2201
-3.34282	0.072	2202
-3.34301	0.072	2203
-3.34321	0.072	2204
-3.34341	0.072	2205
-3.34361	0.073	2206
-3.3438	0.073	2207
-3.344	0.073	2208
-3.3442	0.073	2209
-3.34439	0.073	2210
-3.34459	0.073	2211
-3.34479	0.073	2212
-3.34498	0.074	2213
-3.34518	0.075	2214
-3.34537	0.075	2215
-3.34557	0.075	2216
-3.34577	0.076	2217
-3.34596	0.076	2218
-3.34616	0.076	2219
-3.34635	0.076	2220
-3.34655	0.076	2221
-3.34674	0.077	2222
-3.34694	0.077	2223
-3.34713	0.077	2224
-3.34733	0.077	2225
-3.34753	0.077	2226
-3.34772	0.077	2227
-3.34792	0.077	2228
-3.34811	0.077	2229
-3.3483	0.078	2230
-3.3485	0.079	2231
-3.34869	0.079	2232
-3.34889	0.079	2233
-3.34908	0.08	2234
-3.34928	0.08	2235
-3.34947	0.08	2236
-3.34967	0.081	2237
-3.34986	0.081	2238
-3.35005	0.081	2239
-3.35025	0.082	2240
-3.35044	0.083	2241
-3.35064	0.083	2242
-3.35083	0.083	2243
-3.35102	0.083	2244
-3.35122	0.084	2245
-3.35141	0.084	2246
-3.3516	0.084	2247
-3.3518	0.084	2248
-3.35199	0.084	2249
-3.35218	0.084	2250
-3.35238	0.085	2251
-3.35257	0.085	2252
-3.35276	0.086	2253
-3.35295	0.086	2254
-3.35315	0.087	2255
-3.35334	0.087	2256
-3.35353	0.087	2257
-3.35372	0.088	2258
-3.35392	0.088	2259
-3.35411	0.088	2260
-3.3543	0.089	2261
-3.35449	0.09	2262
-3.35468	0.091	2263
-3.35488	0.092	2264
-3.35507	0.093	2265
-3.35526	0.093	2266
-3.35545	0.093	2267
-3.35564	0.094	2268
-3.35583	0.094	2269
-3.35603	0.095	2270
-3.35622	0.095	2271
-3.35641	0.095	2272
-3.3566	0.096	2273
-3.35679	0.096	2274
-3.35698	0.096	2275
-3.35717	0.097	2276
-3.35736	0.097	2277
-3.35755	0.097	2278
-3.35774	0.098	2279
-3.35793	0.098	2280
-3.35813	0.099	2281
-3.35832	0.099	2282
-3.35851	0.099	2283
-3.3587	0.099	2284
-3.35889	0.099	2285
-3.35908	0.099	2286
-3.35927	0.1	2287
-3.35946	0.1	2288
-3.35965	0.1	2289
-3.35984	0.1	2290
-3.36003	0.1	2291
-3.36021	0.101	2292
-3.3604	0.101	2293
-3.36059	0.101	2294
-3.36078	0.101	2295
-3.36097	0.102	2296
-3.36116	0.102	2297
-3.36135	0.102	2298
-3.36154	0.103	2299
-3.36173	0.103	2300
-3.36192	0.103	2301
-3.36211	0.104	2302
-3.36229	0.104	2303
-3.36248	0.104	2304
-3.36267	0.104	2305
-3.36286	0.106	2306
-3.36305	0.106	2307
-3.36324	0.107	2308
-3.36342	0.107	2309
-3.36361	0.108	2310
-3.3638	0.109	2311
-3.36399	0.11	2312
-3.36418	0.11	2313
-3.36436	0.11	2314
-3.36455	0.11	2315
-3.36474	0.11	2316
-3.36493	0.11	2317
-3.36511	0.11	2318
-3.3653	0.111	2319
-3.36549	0.111	2320
-3.36568	0.112	2321
-3.36586	0.112	2322
-3.36605	0.112	2323
-3.36624	0.113	2324
-3.36642	0.113	2325
-3.36661	0.115	2326
-3.3668	0.116	2327
-3.36698	0.116	2328
-3.36717	0.116	2329
-3.36736	0.116	2330
-3.36754	0.116	2331
-3.36773	0.117	2332
-3.36791	0.117	2333
-3.3681	0.117	2334
-3.36829	0.117	2335
-3.36847	0.118	2336
-3.36866	0.118	2337
-3.36884	0.118	2338
-3.36903	0.118	2339
-3.36922	0.118	2340
-3.3694	0.119	2341
-3.36959	0.119	2342
-3.36977	0.119	2343
-3.36996	0.119	2344
-3.37014	0.12	2345
-3.37033	0.12	2346
-3.37051	0.12	2347
-3.3707	0.121	2348
-3.37088	0.121	2349
-3.37107	0.121	2350
-3.37125	0.122	2351
-3.37144	0.122	2352
-3.37162	0.122	2353
-3.37181	0.122	2354
-3.37199	0.123	2355
-3.37218	0.124	2356
-3.37236	0.124	2357
-3.37254	0.124	2358
-3.37273	0.124	2359
-3.37291	0.125	2360
-3.3731	0.125	2361
-3.37328	0.126	2362
-3.37346	0.126	2363
-3.37365	0.126	2364
-3.37383	0.126	2365
-3.37401	0.126	2366
-3.3742	0.127	2367
-3.37438	0.127	2368
-3.37457	0.127	2369
-3.37475	0.127	2370
-3.37493	0.128	2371
-3.37511	0.128	2372
-3.3753	0.128	2373
-3.37548	0.128	2374
-3.37566	0.128	2375
-3.37585	0.128	2376
-3.37603	0.129	2377
-3.37621	0.129	2378
-3.37639	0.13	2379
-3.37658	0.13	2380
-3.37676	0.13	2381
-3.37694	0.131	2382
-3.37712	0.132	2383
-3.37731	0.132	2384
-3.37749	0.132	2385
-3.37767	0.133	2386
-3.37785	0.133	2387
-3.37803	0.134	2388
-3.37822	0.134	2389
-3.3784	0.134	2390
-3.37858	0.134	2391
-3.37876	0.134	2392
-3.37894	0.134	2393
-3.37912	0.135	2394
-3.37931	0.135	2395
-3.37949	0.135	2396
-3.37967	0.135	2397
-3.37985	0.135	2398
-3.38003	0.136	2399
-3.38021	0.136	2400
-3.38039	0.136	2401
-3.38057	0.137	2402
-3.38075	0.137	2403
-3.38093	0.137	2404
-3.38112	0.137	2405
-3.3813	0.137	2406
-3.38148	0.138	2407
-3.38166	0.138	2408
-3.38184	0.138	2409
-3.38202	0.138	2410
-3.3822	0.138	2411
-3.38238	0.138	2412
-3.38256	0.138	2413
-3.38274	0.138	2414
-3.38292	0.139	2415
-3.3831	0.139	2416
-3.38328	0.139	2417
-3.38346	0.139	2418
-3.38364	0.139	2419
-3.38382	0.14	2420
-3.38399	0.14	2421
-3.38417	0.14	2422
-3.38435	0.141	2423
-3.38453	0.141	2424
-3.38471	0.141	2425
-3.38489	0.141	2426
-3.38507	0.142	2427
-3.38525	0.142	2428
-3.38543	0.142	2429
-3.38561	0.142	2430
-3.38578	0.142	2431
-3.38596	0.143	2432
-3.38614	0.144	2433
-3.38632	0.144	2434
-3.3865	0.144	2435
-3.38668	0.145	2436
-3.38686	0.145	2437
-3.38703	0.146	2438
-3.38721	0.146	2439
-3.38739	0.147	2440
-3.38757	0.147	2441
-3.38775	0.148	2442
-3.38792	0.148	2443
-3.3881	0.149	2444
-3.38828	0.149	2445
-3.38846	0.15	2446
-3.38863	0.15	2447
-3.38881	0.151	2448
-3.38899	0.151	2449
-3.38917	0.151	2450
-3.38934	0.151	2451
-3.38952	0.152	2452
-3.3897	0.152	2453
-3.38987	0.152	2454
-3.39005	0.153	2455
-3.39023	0.153	2456
-3.39041	0.153	2457
-3.39058	0.153	2458
-3.39076	0.153	2459
-3.39094	0.154	2460
-3.39111	0.154	2461
-3.39129	0.155	2462
-3.39146	0.155	2463
-3.39164	0.155	2464
-3.39182	0.155	2465
-3.39199	0.155	2466
-3.39217	0.156	2467
-3.39235	0.157	2468
-3.39252	0.157	2469
-3.3927	0.158	2470
-3.39287	0.158	2471
-3.39305	0.158	2472
-3.39322	0.158	2473
-3.3934	0.158	2474
-3.39358	0.158	2475
-3.39375	0.159	2476
-3.39393	0.159	2477
-3.3941	0.16	2478
-3.39428	0.161	2479
-3.39445	0.161	2480
-3.39463	0.162	2481
-3.3948	0.162	2482
-3.39498	0.162	2483
-3.39515	0.162	2484
-3.39533	0.163	2485
-3.3955	0.163	2486
-3.39568	0.163	2487
-3.39585	0.163	2488
-3.39602	0.163	2489
-3.3962	0.164	2490
-3.39637	0.164	2491
-3.39655	0.164	2492
-3.39672	0.164	2493
-3.3969	0.165	2494
-3.39707	0.165	2495
-3.39724	0.165	2496
-3.39742	0.166	2497
-3.39759	0.166	2498
-3.39777	0.167	2499
-3.39794	0.167	2500
-3.39811	0.168	2501
-3.39829	0.168	2502
-3.39846	0.168	2503
-3.39863	0.168	2504
-3.39881	0.169	2505
-3.39898	0.169	2506
-3.39915	0.169	2507
-3.39933	0.169	2508
-3.3995	0.17	2509
-3.39967	0.171	2510
-3.39985	0.171	2511
-3.40002	0.172	2512
-3.40019	0.172	2513
-3.40037	0.172	2514
-3.40054	0.173	2515
-3.40071	0.173	2516
-3.40088	0.173	2517
-3.40106	0.173	2518
-3.40123	0.174	2519
-3.4014	0.174	2520
-3.40157	0.174	2521
-3.40175	0.175	2522
-3.40192	0.175	2523
-3.40209	0.175	2524
-3.40226	0.176	2525
-3.40243	0.177	2526
-3.40261	0.177	2527
-3.40278	0.177	2528
-3.40295	0.177	2529
-3.40312	0.177	2530
-3.40329	0.177	2531
-3.40346	0.178	2532
-3.40364	0.178	2533
-3.40381	0.178	2534
-3.40398	0.178	2535
-3.40415	0.178	2536
-3.40432	0.178	2537
-3.40449	0.178	2538
-3.40466	0.178	2539
-3.40483	0.179	2540
-3.405	0.18	2541
-3.40518	0.181	2542
-3.40535	0.181	2543
-3.40552	0.182	2544
-3.40569	0.182	2545
-3.40586	0.182	2546
-3.40603	0.182	2547
-3.4062	0.182	2548
-3.40637	0.182	2549
-3.40654	0.184	2550
-3.40671	0.184	2551
-3.40688	0.184	2552
-3.40705	0.185	2553
-3.40722	0.185	2554
-3.40739	0.186	2555
-3.40756	0.186	2556
-3.40773	0.189	2557
-3.4079	0.189	2558
-3.40807	0.189	2559
-3.40824	0.189	2560
-3.40841	0.189	2561
-3.40858	0.189	2562
-3.40875	0.189	2563
-3.40892	0.19	2564
-3.40909	0.19	2565
-3.40926	0.19	2566
-3.40943	0.19	2567
-3.4096	0.192	2568
-3.40976	0.192	2569
-3.40993	0.192	2570
-3.4101	0.192	2571
-3.41027	0.192	2572
-3.41044	0.192	2573
-3.41061	0.192	2574
-3.41078	0.193	2575
-3.41095	0.193	2576
-3.41111	0.193	2577
-3.41128	0.194	2578
-3.41145	0.194	2579
-3.41162	0.195	2580
-3.41179	0.195	2581
-3.41196	0.195	2582
-3.41212	0.195	2583
-3.41229	0.195	2584
-3.41246	0.197	2585
-3.41263	0.197	2586
-3.4128	0.198	2587
-3.41296	0.198	2588
-3.41313	0.198	2589
-3.4133	0.198	2590
-3.41347	0.198	2591
-3.41363	0.198	2592
-3.4138	0.199	2593
-3.41397	0.199	2594
-3.41414	0.199	2595
-3.4143	0.199	2596
-3.41447	0.199	2597
-3.41464	0.2	2598
-3.41481	0.2	2599
-3.41497	0.2	2600
-3.41514	0.2	2601
-3.41531	0.201	2602
-3.41547	0.201	2603
-3.41564	0.201	2604
-3.41581	0.201	2605
-3.41597	0.201	2606
-3.41614	0.201	2607
-3.41631	0.201	2608
-3.41647	0.202	2609
-3.41664	0.202	2610
-3.41681	0.202	2611
-3.41697	0.203	2612
-3.41714	0.203	2613
-3.41731	0.204	2614
-3.41747	0.205	2615
-3.41764	0.205	2616
-3.4178	0.205	2617
-3.41797	0.206	2618
-3.41814	0.206	2619
-3.4183	0.206	2620
-3.41847	0.206	2621
-3.41863	0.207	2622
-3.4188	0.208	2623
-3.41896	0.209	2624
-3.41913	0.209	2625
-3.41929	0.209	2626
-3.41946	0.21	2627
-3.41963	0.21	2628
-3.41979	0.21	2629
-3.41996	0.21	2630
-3.42012	0.211	2631
-3.42029	0.211	2632
-3.42045	0.211	2633
-3.42062	0.211	2634
-3.42078	0.212	2635
-3.42095	0.213	2636
-3.42111	0.213	2637
-3.42127	0.213	2638
-3.42144	0.213	2639
-3.4216	0.214	2640
-3.42177	0.214	2641
-3.42193	0.214	2642
-3.4221	0.214	2643
-3.42226	0.215	2644
-3.42243	0.215	2645
-3.42259	0.216	2646
-3.42275	0.216	2647
-3.42292	0.216	2648
-3.42308	0.216	2649
-3.42325	0.216	2650
-3.42341	0.217	2651
-3.42357	0.217	2652
-3.42374	0.218	2653
-3.4239	0.218	2654
-3.42406	0.219	2655
-3.42423	0.22	2656
-3.42439	0.22	2657
-3.42455	0.221	2658
-3.42472	0.221	2659
-3.42488	0.221	2660
-3.42504	0.221	2661
-3.42521	0.222	2662
-3.42537	0.222	2663
-3.42553	0.222	2664
-3.4257	0.223	2665
-3.42586	0.224	2666
-3.42602	0.225	2667
-3.42619	0.225	2668
-3.42635	0.225	2669
-3.42651	0.225	2670
-3.42667	0.225	2671
-3.42684	0.226	2672
-3.427	0.226	2673
-3.42716	0.227	2674
-3.42732	0.227	2675
-3.42749	0.228	2676
-3.42765	0.228	2677
-3.42781	0.229	2678
-3.42797	0.229	2679
-3.42813	0.229	2680
-3.4283	0.229	2681
-3.42846	0.229	2682
-3.42862	0.229	2683
-3.42878	0.229	2684
-3.42894	0.229	2685
-3.42911	0.229	2686
-3.42927	0.229	2687
-3.42943	0.23	2688
-3.42959	0.23	2689
-3.42975	0.23	2690
-3.42991	0.23	2691
-3.43008	0.23	2692
-3.43024	0.231	2693
-3.4304	0.231	2694
-3.43056	0.232	2695
-3.43072	0.233	2696
-3.43088	0.233	2697
-3.43104	0.234	2698
-3.4312	0.235	2699
-3.43136	0.235	2700
-3.43152	0.235	2701
-3.43169	0.235	2702
-3.43185	0.235	2703
-3.43201	0.236	2704
-3.43217	0.236	2705
-3.43233	0.237	2706
-3.43249	0.237	2707
-3.43265	0.237	2708
-3.43281	0.238	2709
-3.43297	0.238	2710
-3.43313	0.238	2711
-3.43329	0.239	2712
-3.43345	0.24	2713
-3.43361	0.241	2714
-3.43377	0.241	2715
-3.43393	0.242	2716
-3.43409	0.242	2717
-3.43425	0.242	2718
-3.43441	0.242	2719
-3.43457	0.243	2720
-3.43473	0.243	2721
-3.43489	0.243	2722
-3.43505	0.244	2723
-3.43521	0.244	2724
-3.43537	0.244	2725
-3.43553	0.245	2726
-3.43569	0.245	2727
-3.43584	0.245	2728
-3.436	0.246	2729
-3.43616	0.246	2730
-3.43632	0.247	2731
-3.43648	0.248	2732
-3.43664	0.249	2733
-3.4368	0.249	2734
-3.43696	0.249	2735
-3.43712	0.249	2736
-3.43727	0.249	2737
-3.43743	0.249	2738
-3.43759	0.249	2739
-3.43775	0.25	2740
-3.43791	0.25	2741
-3.43807	0.25	2742
-3.43823	0.25	2743
-3.43838	0.251	2744
-3.43854	0.251	2745
-3.4387	0.251	2746
-3.43886	0.252	2747
-3.43902	0.252	2748
-3.43917	0.252	2749
-3.43933	0.252	2750
-3.43949	0.253	2751
-3.43965	0.253	2752
-3.43981	0.254	2753
-3.43996	0.255	2754
-3.44012	0.256	2755
-3.44028	0.256	2756
-3.44044	0.256	2757
-3.44059	0.256	2758
-3.44075	0.256	2759
-3.44091	0.256	2760
-3.44107	0.257	2761
-3.44122	0.257	2762
-3.44138	0.258	2763
-3.44154	0.258	2764
-3.4417	0.26	2765
-3.44185	0.26	2766
-3.44201	0.261	2767
-3.44217	0.261	2768
-3.44232	0.261	2769
-3.44248	0.262	2770
-3.44264	0.262	2771
-3.44279	0.262	2772
-3.44295	0.263	2773
-3.44311	0.263	2774
-3.44326	0.263	2775
-3.44342	0.264	2776
-3.44358	0.265	2777
-3.44373	0.266	2778
-3.44389	0.266	2779
-3.44404	0.267	2780
-3.4442	0.267	2781
-3.44436	0.267	2782
-3.44451	0.268	2783
-3.44467	0.268	2784
-3.44483	0.269	2785
-3.44498	0.269	2786
-3.44514	0.269	2787
-3.44529	0.27	2788
-3.44545	0.27	2789
-3.4456	0.27	2790
-3.44576	0.271	2791
-3.44592	0.271	2792
-3.44607	0.271	2793
-3.44623	0.271	2794
-3.44638	0.271	2795
-3.44654	0.271	2796
-3.44669	0.272	2797
-3.44685	0.273	2798
-3.447	0.273	2799
-3.44716	0.273	2800
-3.44731	0.273	2801
-3.44747	0.274	2802
-3.44762	0.275	2803
-3.44778	0.275	2804
-3.44793	0.275	2805
-3.44809	0.277	2806
-3.44824	0.277	2807
-3.4484	0.278	2808
-3.44855	0.278	2809
-3.44871	0.278	2810
-3.44886	0.278	2811
-3.44902	0.279	2812
-3.44917	0.279	2813
-3.44932	0.279	2814
-3.44948	0.279	2815
-3.44963	0.28	2816
-3.44979	0.281	2817
-3.44994	0.281	2818
-3.4501	0.281	2819
-3.45025	0.281	2820
-3.4504	0.282	2821
-3.45056	0.283	2822
-3.45071	0.283	2823
-3.45086	0.283	2824
-3.45102	0.283	2825
-3.45117	0.285	2826
-3.45133	0.287	2827
-3.45148	0.288	2828
-3.45163	0.288	2829
-3.45179	0.29	2830
-3.45194	0.29	2831
-3.45209	0.29	2832
-3.45225	0.29	2833
-3.4524	0.291	2834
-3.45255	0.292	2835
-3.45271	0.292	2836
-3.45286	0.293	2837
-3.45301	0.293	2838
-3.45317	0.293	2839
-3.45332	0.294	2840
-3.45347	0.295	2841
-3.45362	0.295	2842
-3.45378	0.295	2843
-3.45393	0.296	2844
-3.45408	0.296	2845
-3.45423	0.296	2846
-3.45439	0.296	2847
-3.45454	0.297	2848
-3.45469	0.297	2849
-3.45484	0.297	2850
-3.455	0.297	2851
-3.45515	0.297	2852
-3.4553	0.298	2853
-3.45545	0.298	2854
-3.45561	0.299	2855
-3.45576	0.299	2856
-3.45591	0.299	2857
-3.45606	0.299	2858
-3.45621	0.299	2859
-3.45637	0.299	2860
-3.45652	0.3	2861
-3.45667	0.3	2862
-3.45682	0.3	2863
-3.45697	0.3	2864
-3.45712	0.301	2865
-3.45728	0.301	2866
-3.45743	0.301	2867
-3.45758	0.301	2868
-3.45773	0.302	2869
-3.45788	0.302	2870
-3.45803	0.303	2871
-3.45818	0.303	2872
-3.45834	0.304	2873
-3.45849	0.304	2874
-3.45864	0.305	2875
-3.45879	0.305	2876
-3.45894	0.305	2877
-3.45909	0.305	2878
-3.45924	0.306	2879
-3.45939	0.307	2880
-3.45954	0.307	2881
-3.45969	0.307	2882
-3.45984	0.307	2883
-3.46	0.308	2884
-3.46015	0.308	2885
-3.4603	0.309	2886
-3.46045	0.309	2887
-3.4606	0.309	2888
-3.46075	0.312	2889
-3.4609	0.312	2890
-3.46105	0.312	2891
-3.4612	0.313	2892
-3.46135	0.313	2893
-3.4615	0.314	2894
-3.46165	0.314	2895
-3.4618	0.316	2896
-3.46195	0.316	2897
-3.4621	0.316	2898
-3.46225	0.317	2899
-3.4624	0.317	2900
-3.46255	0.318	2901
-3.4627	0.318	2902
-3.46285	0.318	2903
-3.463	0.319	2904
-3.46315	0.319	2905
-3.4633	0.319	2906
-3.46345	0.32	2907
-3.46359	0.32	2908
-3.46374	0.32	2909
-3.46389	0.32	2910
-3.46404	0.32	2911
-3.46419	0.32	2912
-3.46434	0.321	2913
-3.46449	0.321	2914
-3.46464	0.321	2915
-3.46479	0.322	2916
-3.46494	0.322	2917
-3.46509	0.323	2918
-3.46523	0.325	2919
-3.46538	0.327	2920
-3.46553	0.327	2921
-3.46568	0.328	2922
-3.46583	0.329	2923
-3.46598	0.329	2924
-3.46613	0.329	2925
-3.46627	0.33	2926
-3.46642	0.33	2927
-3.46657	0.33	2928
-3.46672	0.33	2929
-3.46687	0.331	2930
-3.46702	0.331	2931
-3.46716	0.332	2932
-3.46731	0.334	2933
-3.46746	0.335	2934
-3.46761	0.336	2935
-3.46776	0.336	2936
-3.4679	0.336	2937
-3.46805	0.336	2938
-3.4682	0.336	2939
-3.46835	0.337	2940
-3.4685	0.337	2941
-3.46864	0.337	2942
-3.46879	0.338	2943
-3.46894	0.338	2944
-3.46909	0.338	2945
-3.46923	0.339	2946
-3.46938	0.34	2947
-3.46953	0.34	2948
-3.46967	0.34	2949
-3.46982	0.342	2950
-3.46997	0.342	2951
-3.47012	0.342	2952
-3.47026	0.343	2953
-3.47041	0.343	2954
-3.47056	0.343	2955
-3.4707	0.344	2956
-3.47085	0.344	2957
-3.471	0.344	2958
-3.47114	0.344	2959
-3.47129	0.345	2960
-3.47144	0.346	2961
-3.47159	0.346	2962
-3.47173	0.347	2963
-3.47188	0.347	2964
-3.47202	0.347	2965
-3.47217	0.347	2966
-3.47232	0.348	2967
-3.47246	0.349	2968
-3.47261	0.349	2969
-3.47276	0.349	2970
-3.4729	0.349	2971
-3.47305	0.349	2972
-3.47319	0.35	2973
-3.47334	0.35	2974
-3.47349	0.352	2975
-3.47363	0.353	2976
-3.47378	0.353	2977
-3.47392	0.354	2978
-3.47407	0.355	2979
-3.47422	0.356	2980
-3.47436	0.356	2981
-3.47451	0.356	2982
-3.47465	0.356	2983
-3.4748	0.356	2984
-3.47494	0.357	2985
-3.47509	0.357	2986
-3.47524	0.357	2987
-3.47538	0.357	2988
-3.47553	0.358	2989
-3.47567	0.359	2990
-3.47582	0.359	2991
-3.47596	0.359	2992
-3.47611	0.361	2993
-3.47625	0.361	2994
-3.4764	0.361	2995
-3.47654	0.362	2996
-3.47669	0.362	2997
-3.47683	0.362	2998
-3.47698	0.363	2999
-3.47712	0.363	3000
-3.47727	0.363	3001
-3.47741	0.363	3002
-3.47756	0.364	3003
-3.4777	0.364	3004
-3.47784	0.365	3005
-3.47799	0.365	3006
-3.47813	0.366	3007
-3.47828	0.367	3008
-3.47842	0.367	3009
-3.47857	0.368	3010
-3.47871	0.368	3011
-3.47885	0.368	3012
-3.479	0.368	3013
-3.47914	0.368	3014
-3.47929	0.368	3015
-3.47943	0.369	3016
-3.47958	0.369	3017
-3.47972	0.369	3018
-3.47986	0.37	3019
-3.48001	0.37	3020
-3.48015	0.37	3021
-3.48029	0.371	3022
-3.48044	0.371	3023
-3.48058	0.371	3024
-3.48073	0.371	3025
-3.48087	0.371	3026
-3.48101	0.372	3027
-3.48116	0.372	3028
-3.4813	0.372	3029
-3.48144	0.372	3030
-3.48159	0.372	3031
-3.48173	0.373	3032
-3.48187	0.373	3033
-3.48202	0.374	3034
-3.48216	0.374	3035
-3.4823	0.374	3036
-3.48244	0.374	3037
-3.48259	0.375	3038
-3.48273	0.375	3039
-3.48287	0.375	3040
-3.48302	0.376	3041
-3.48316	0.376	3042
-3.4833	0.376	3043
-3.48344	0.376	3044
-3.48359	0.376	3045
-3.48373	0.376	3046
-3.48387	0.376	3047
-3.48401	0.377	3048
-3.48416	0.377	3049
-3.4843	0.377	3050
-3.48444	0.378	3051
-3.48458	0.378	3052
-3.48473	0.379	3053
-3.48487	0.38	3054
-3.48501	0.38	3055
-3.48515	0.38	3056
-3.4853	0.38	3057
-3.48544	0.381	3058
-3.48558	0.381	3059
-3.48572	0.381	3060
-3.48586	0.381	3061
-3.48601	0.381	3062
-3.48615	0.381	3063
-3.48629	0.382	3064
-3.48643	0.383	3065
-3.48657	0.383	3066
-3.48671	0.383	3067
-3.48686	0.384	3068
-3.487	0.384	3069
-3.48714	0.384	3070
-3.48728	0.384	3071
-3.48742	0.385	3072
-3.48756	0.385	3073
-3.4877	0.386	3074
-3.48785	0.386	3075
-3.48799	0.386	3076
-3.48813	0.387	3077
-3.48827	0.387	3078
-3.48841	0.388	3079
-3.48855	0.388	3080
-3.48869	0.389	3081
-3.48883	0.39	3082
-3.48897	0.392	3083
-3.48911	0.392	3084
-3.48926	0.392	3085
-3.4894	0.392	3086
-3.48954	0.393	3087
-3.48968	0.393	3088
-3.48982	0.394	3089
-3.48996	0.394	3090
-3.4901	0.394	3091
-3.49024	0.394	3092
-3.49038	0.396	3093
-3.49052	0.396	3094
-3.49066	0.396	3095
-3.4908	0.398	3096
-3.49094	0.398	3097
-3.49108	0.398	3098
-3.49122	0.398	3099
-3.49136	0.398	3100
-3.4915	0.4	3101
-3.49164	0.4	3102
-3.49178	0.4	3103
-3.49192	0.4	3104
-3.49206	0.401	3105
-3.4922	0.401	3106
-3.49234	0.402	3107
-3.49248	0.405	3108
-3.49262	0.406	3109
-3.49276	0.406	3110
-3.4929	0.406	3111
-3.49304	0.406	3112
-3.49318	0.407	3113
-3.49332	0.407	3114
-3.49346	0.407	3115
-3.4936	0.407	3116
-3.49374	0.408	3117
-3.49388	0.408	3118
-3.49402	0.408	3119
-3.49415	0.409	3120
-3.49429	0.409	3121
-3.49443	0.409	3122
-3.49457	0.409	3123
-3.49471	0.409	3124
-3.49485	0.41	3125
-3.49499	0.41	3126
-3.49513	0.41	3127
-3.49527	0.41	3128
-3.49541	0.41	3129
-3.49554	0.411	3130
-3.49568	0.412	3131
-3.49582	0.413	3132
-3.49596	0.414	3133
-3.4961	0.415	3134
-3.49624	0.415	3135
-3.49638	0.416	3136
-3.49651	0.416	3137
-3.49665	0.416	3138
-3.49679	0.417	3139
-3.49693	0.417	3140
-3.49707	0.42	3141
-3.49721	0.42	3142
-3.49734	0.42	3143
-3.49748	0.42	3144
-3.49762	0.421	3145
-3.49776	0.421	3146
-3.4979	0.422	3147
-3.49803	0.423	3148
-3.49817	0.423	3149
-3.49831	0.423	3150
-3.49845	0.424	3151
-3.49859	0.424	3152
-3.49872	0.425	3153
-3.49886	0.425	3154
-3.499	0.425	3155
-3.49914	0.426	3156
-3.49927	0.426	3157
-3.49941	0.426	3158
-3.49955	0.426	3159
-3.49969	0.427	3160
-3.49982	0.427	3161
-3.49996	0.427	3162
-3.5001	0.428	3163
-3.50024	0.428	3164
-3.50037	0.428	3165
-3.50051	0.429	3166
-3.50065	0.431	3167
-3.50079	0.432	3168
-3.50092	0.432	3169
-3.50106	0.432	3170
-3.5012	0.433	3171
-3.50133	0.433	3172
-3.50147	0.434	3173
-3.50161	0.435	3174
-3.50174	0.435	3175
-3.50188	0.435	3176
-3.50202	0.436	3177
-3.50215	0.436	3178
-3.50229	0.436	3179
-3.50243	0.437	3180
-3.50256	0.438	3181
-3.5027	0.438	3182
-3.50284	0.439	3183
-3.50297	0.441	3184
-3.50311	0.441	3185
-3.50325	0.442	3186
-3.50338	0.444	3187
-3.50352	0.444	3188
-3.50365	0.445	3189
-3.50379	0.446	3190
-3.50393	0.447	3191
-3.50406	0.451	3192
-3.5042	0.452	3193
-3.50433	0.454	3194
-3.50447	0.454	3195
-3.50461	0.454	3196
-3.50474	0.455	3197
-3.50488	0.455	3198
-3.50501	0.455	3199
-3.50515	0.457	3200
-3.50529	0.457	3201
-3.50542	0.458	3202
-3.50556	0.458	3203
-3.50569	0.459	3204
-3.50583	0.462	3205
-3.50596	0.463	3206
-3.5061	0.467	3207
-3.50623	0.468	3208
-3.50637	0.469	3209
-3.50651	0.469	3210
-3.50664	0.47	3211
-3.50678	0.47	3212
-3.50691	0.472	3213
-3.50705	0.472	3214
-3.50718	0.474	3215
-3.50732	0.474	3216
-3.50745	0.478	3217
-3.50759	0.482	3218
-3.50772	0.483	3219
-3.50786	0.485	3220
-3.50799	0.487	3221
-3.50813	0.49	3222
-3.50826	0.492	3223
-3.5084	0.493	3224
-3.50853	0.498	3225
-3.50866	0.499	3226
-3.5088	0.5	3227
-3.50893	0.507	3228
-3.50907	0.515	3229
-3.5092	0.521	3230
-3.50934	0.525	3231
-3.50947	0.528	3232
-3.50961	0.531	3233
-3.50974	0.532	3234
-3.50987	0.533	3235
-3.51001	0.54	3236
-3.51014	0.543	3237