logp	R	ID
-1.08151	-0.654	1
-1.06997	-0.647	2
-1.06181	-0.642	3
-1.05859	-0.641	4
-1.05481	-0.638	5
-1.05076	-0.636	6
-1.04239	-0.631	7
-1.041	-0.63	8
-1.03695	-0.628	9
-1.03762	-0.628	10
-1.03608	-0.627	11
-1.03603	-0.627	12
-1.03408	-0.626	13
-1.03207	-0.625	14
-1.02896	-0.623	15
-1.02604	-0.621	16
-1.02413	-0.62	17
-1.0217	-0.619	18
-1.02134	-0.618	19
-1.02131	-0.618	20
-1.02003	-0.618	21
-1.0185	-0.617	22
-1.01851	-0.617	23
-1.01802	-0.616	24
-1.01592	-0.615	25
-1.01604	-0.615	26
-1.01389	-0.614	27
-1.01379	-0.614	28
-1.01443	-0.614	29
-1.01319	-0.613	30
-1.01061	-0.612	31
-1.0076	-0.61	32
-1.005	-0.609	33
-1.00334	-0.608	34
-0.99921	-0.605	35
-0.99808	-0.604	36
-0.9968	-0.604	37
-0.99638	-0.603	38
-0.99361	-0.602	39
-0.9938	-0.602	40
-0.99295	-0.601	41
-0.9921	-0.601	42
-0.99219	-0.601	43
-0.99014	-0.6	44
-0.9911	-0.6	45
-0.98841	-0.599	46
-0.98653	-0.598	47
-0.98716	-0.598	48
-0.98719	-0.598	49
-0.98743	-0.598	50
-0.9871	-0.598	51
-0.98619	-0.597	52
-0.98346	-0.596	53
-0.98181	-0.595	54
-0.98039	-0.594	55
-0.98114	-0.594	56
-0.9759	-0.591	57
-0.97573	-0.591	58
-0.97381	-0.59	59
-0.97339	-0.59	60
-0.96695	-0.586	61
-0.96699	-0.586	62
-0.96572	-0.585	63
-0.96417	-0.585	64
-0.96562	-0.585	65
-0.96408	-0.584	66
-0.96137	-0.583	67
-0.95816	-0.581	68
-0.95632	-0.58	69
-0.95591	-0.58	70
-0.95534	-0.579	71
-0.95498	-0.579	72
-0.95433	-0.579	73
-0.95412	-0.579	74
-0.95339	-0.578	75
-0.95333	-0.578	76
-0.95263	-0.578	77
-0.95289	-0.578	78
-0.95371	-0.578	79
-0.95078	-0.577	80
-0.95191	-0.577	81
-0.95141	-0.577	82
-0.94923	-0.576	83
-0.94919	-0.576	84
-0.94907	-0.576	85
-0.94827	-0.575	86
-0.9462	-0.574	87
-0.94618	-0.574	88
-0.94587	-0.574	89
-0.94676	-0.574	90
-0.94628	-0.574	91
-0.94687	-0.574	92
-0.94497	-0.573	93
-0.94425	-0.573	94
-0.94293	-0.572	95
-0.94322	-0.572	96
-0.94147	-0.571	97
-0.94081	-0.571	98
-0.94132	-0.571	99
-0.9396	-0.57	100
-0.93899	-0.57	101
-0.93941	-0.57	102
-0.93875	-0.57	103
-0.93938	-0.57	104
-0.93905	-0.57	105
-0.93896	-0.57	106
-0.93741	-0.569	107
-0.93508	-0.568	108
-0.9356	-0.568	109
-0.93422	-0.567	110
-0.93489	-0.567	111
-0.93266	-0.566	112
-0.9317	-0.566	113
-0.92817	-0.564	114
-0.92882	-0.564	115
-0.929	-0.564	116
-0.9278	-0.563	117
-0.92695	-0.563	118
-0.92679	-0.563	119
-0.92426	-0.561	120
-0.92401	-0.561	121
-0.92417	-0.561	122
-0.92436	-0.561	123
-0.92432	-0.561	124
-0.92237	-0.56	125
-0.92195	-0.56	126
-0.91978	-0.559	127
-0.92103	-0.559	128
-0.91943	-0.559	129
-0.91918	-0.558	130
-0.91813	-0.558	131
-0.91808	-0.558	132
-0.91761	-0.557	133
-0.91676	-0.557	134
-0.91421	-0.556	135
-0.9153	-0.556	136
-0.91507	-0.556	137
-0.9136	-0.555	138
-0.91321	-0.555	139
-0.9115	-0.554	140
-0.91093	-0.554	141
-0.91196	-0.554	142
-0.91077	-0.554	143
-0.91195	-0.554	144
-0.91239	-0.554	145
-0.90963	-0.553	146
-0.90993	-0.553	147
-0.90981	-0.553	148
-0.91058	-0.553	149
-0.91064	-0.553	150
-0.90919	-0.553	151
-0.9076	-0.552	152
-0.90823	-0.552	153
-0.90555	-0.551	154
-0.90705	-0.551	155
-0.90592	-0.551	156
-0.90628	-0.551	157
-0.90571	-0.551	158
-0.90383	-0.55	159
-0.90546	-0.55	160
-0.90517	-0.55	161
-0.90451	-0.55	162
-0.90408	-0.55	163
-0.90368	-0.549	164
-0.90356	-0.549	165
-0.90265	-0.549	166
-0.90075	-0.548	167
-0.90098	-0.548	168
-0.90185	-0.548	169
-0.90029	-0.548	170
-0.90096	-0.548	171
-0.90036	-0.548	172
-0.89913	-0.547	173
-0.9001	-0.547	174
-0.89923	-0.547	175
-0.90025	-0.547	176
-0.89706	-0.546	177
-0.89679	-0.546	178
-0.89772	-0.546	179
-0.89555	-0.545	180
-0.89603	-0.545	181
-0.89448	-0.544	182
-0.89348	-0.544	183
-0.89369	-0.544	184
-0.89342	-0.544	185
-0.89399	-0.544	186
-0.89174	-0.543	187
-0.8918	-0.543	188
-0.8917	-0.543	189
-0.89299	-0.543	190
-0.89176	-0.543	191
-0.89177	-0.543	192
-0.89153	-0.543	193
-0.89195	-0.543	194
-0.89109	-0.542	195
-0.89143	-0.542	196
-0.8891	-0.541	197
-0.88898	-0.541	198
-0.88832	-0.541	199
-0.88821	-0.541	200
-0.8875	-0.54	201
-0.88699	-0.54	202
-0.88629	-0.54	203
-0.88774	-0.54	204
-0.88759	-0.54	205
-0.8852	-0.539	206
-0.88541	-0.539	207
-0.884	-0.538	208
-0.88362	-0.538	209
-0.88221	-0.537	210
-0.88203	-0.537	211
-0.88187	-0.537	212
-0.88127	-0.537	213
-0.88269	-0.537	214
-0.88106	-0.537	215
-0.8817	-0.537	216
-0.87984	-0.536	217
-0.88058	-0.536	218
-0.88063	-0.536	219
-0.87922	-0.536	220
-0.87936	-0.536	221
-0.8779	-0.535	222
-0.87844	-0.535	223
-0.87901	-0.535	224
-0.8765	-0.534	225
-0.87637	-0.534	226
-0.87689	-0.534	227
-0.87594	-0.534	228
-0.87684	-0.534	229
-0.87486	-0.533	230
-0.87448	-0.533	231
-0.87378	-0.532	232
-0.87274	-0.532	233
-0.87107	-0.531	234
-0.87107	-0.531	235
-0.87203	-0.531	236
-0.87141	-0.531	237
-0.87205	-0.531	238
-0.86861	-0.53	239
-0.86802	-0.529	240
-0.86782	-0.529	241
-0.86511	-0.528	242
-0.86516	-0.528	243
-0.86584	-0.528	244
-0.86558	-0.528	245
-0.86489	-0.527	246
-0.86444	-0.527	247
-0.8628	-0.526	248
-0.86015	-0.525	249
-0.86059	-0.525	250
-0.86119	-0.525	251
-0.86037	-0.525	252
-0.85894	-0.524	253
-0.85924	-0.524	254
-0.85759	-0.523	255
-0.8575	-0.523	256
-0.85649	-0.523	257
-0.85752	-0.523	258
-0.85693	-0.523	259
-0.85767	-0.523	260
-0.85587	-0.522	261
-0.85599	-0.522	262
-0.85499	-0.522	263
-0.85566	-0.522	264
-0.85577	-0.522	265
-0.85522	-0.522	266
-0.85293	-0.521	267
-0.85379	-0.521	268
-0.85162	-0.52	269
-0.85255	-0.52	270
-0.85005	-0.519	271
-0.85056	-0.519	272
-0.85014	-0.519	273
-0.85034	-0.519	274
-0.84917	-0.519	275
-0.85027	-0.519	276
-0.84999	-0.519	277
-0.84782	-0.518	278
-0.84862	-0.518	279
-0.84793	-0.518	280
-0.84669	-0.517	281
-0.84578	-0.517	282
-0.84638	-0.517	283
-0.84506	-0.516	284
-0.84389	-0.516	285
-0.84521	-0.516	286
-0.84434	-0.516	287
-0.84415	-0.516	288
-0.84254	-0.515	289
-0.8431	-0.515	290
-0.84358	-0.515	291
-0.84219	-0.515	292
-0.84324	-0.515	293
-0.84359	-0.515	294
-0.84146	-0.514	295
-0.84111	-0.514	296
-0.84103	-0.514	297
-0.83983	-0.513	298
-0.83949	-0.513	299
-0.83932	-0.513	300
-0.83867	-0.513	301
-0.83858	-0.513	302
-0.83993	-0.513	303
-0.83866	-0.513	304
-0.83815	-0.512	305
-0.83627	-0.511	306
-0.83599	-0.511	307
-0.83505	-0.511	308
-0.83608	-0.511	309
-0.83631	-0.511	310
-0.83423	-0.51	311
-0.83103	-0.509	312
-0.83272	-0.509	313
-0.83191	-0.509	314
-0.83088	-0.508	315
-0.8297	-0.508	316
-0.83082	-0.508	317
-0.82818	-0.507	318
-0.82786	-0.507	319
-0.82903	-0.507	320
-0.82915	-0.507	321
-0.82718	-0.506	322
-0.82702	-0.506	323
-0.82682	-0.506	324
-0.82432	-0.505	325
-0.82389	-0.505	326
-0.82386	-0.505	327
-0.82317	-0.504	328
-0.82303	-0.504	329
-0.82262	-0.504	330
-0.82178	-0.503	331
-0.82142	-0.503	332
-0.82162	-0.503	333
-0.82125	-0.503	334
-0.82026	-0.503	335
-0.82145	-0.503	336
-0.81782	-0.501	337
-0.81561	-0.5	338
-0.81304	-0.499	339
-0.81161	-0.498	340
-0.81266	-0.498	341
-0.81124	-0.498	342
-0.80952	-0.497	343
-0.81041	-0.497	344
-0.81089	-0.497	345
-0.80928	-0.497	346
-0.80906	-0.496	347
-0.80751	-0.496	348
-0.80751	-0.496	349
-0.80661	-0.495	350
-0.80726	-0.495	351
-0.80441	-0.494	352
-0.80485	-0.494	353
-0.80213	-0.493	354
-0.80205	-0.493	355
-0.79946	-0.491	356
-0.79852	-0.491	357
-0.79916	-0.491	358
-0.7988	-0.491	359
-0.79957	-0.491	360
-0.79998	-0.491	361
-0.79682	-0.49	362
-0.7965	-0.49	363
-0.79802	-0.49	364
-0.79795	-0.49	365
-0.79569	-0.489	366
-0.79593	-0.489	367
-0.79461	-0.489	368
-0.79501	-0.489	369
-0.79482	-0.489	370
-0.7939	-0.488	371
-0.79335	-0.488	372
-0.79086	-0.487	373
-0.79243	-0.487	374
-0.79114	-0.487	375
-0.79129	-0.487	376
-0.79246	-0.487	377
-0.79203	-0.487	378
-0.79161	-0.487	379
-0.78999	-0.486	380
-0.78964	-0.486	381
-0.78899	-0.486	382
-0.78769	-0.485	383
-0.78738	-0.485	384
-0.78824	-0.485	385
-0.78773	-0.485	386
-0.78877	-0.485	387
-0.786	-0.484	388
-0.78635	-0.484	389
-0.78702	-0.484	390
-0.78393	-0.483	391
-0.7834	-0.482	392
-0.78225	-0.482	393
-0.78175	-0.482	394
-0.7832	-0.482	395
-0.78151	-0.481	396
-0.78003	-0.481	397
-0.78095	-0.481	398
-0.77952	-0.48	399
-0.77792	-0.48	400
-0.77907	-0.48	401
-0.77826	-0.48	402
-0.77939	-0.48	403
-0.77876	-0.48	404
-0.77767	-0.479	405
-0.77639	-0.479	406
-0.77504	-0.478	407
-0.7738	-0.477	408
-0.77314	-0.477	409
-0.77326	-0.477	410
-0.77263	-0.477	411
-0.77267	-0.477	412
-0.77175	-0.476	413
-0.77095	-0.476	414
-0.76845	-0.474	415
-0.76802	-0.474	416
-0.76823	-0.474	417
-0.767	-0.474	418
-0.76761	-0.474	419
-0.7649	-0.473	420
-0.76516	-0.473	421
-0.76635	-0.473	422
-0.76445	-0.472	423
-0.76212	-0.471	424
-0.761	-0.471	425
-0.76199	-0.471	426
-0.75929	-0.47	427
-0.75974	-0.47	428
-0.75923	-0.47	429
-0.75734	-0.469	430
-0.75906	-0.469	431
-0.75861	-0.469	432
-0.75784	-0.469	433
-0.75906	-0.469	434
-0.75598	-0.468	435
-0.75629	-0.468	436
-0.75716	-0.468	437
-0.75476	-0.467	438
-0.75229	-0.466	439
-0.753	-0.466	440
-0.75316	-0.466	441
-0.7483	-0.464	442
-0.74789	-0.464	443
-0.74669	-0.463	444
-0.74725	-0.463	445
-0.74697	-0.463	446
-0.74699	-0.463	447
-0.74448	-0.462	448
-0.74494	-0.462	449
-0.74555	-0.462	450
-0.74255	-0.461	451
-0.74276	-0.461	452
-0.74316	-0.461	453
-0.74243	-0.461	454
-0.74236	-0.461	455
-0.74306	-0.461	456
-0.74307	-0.461	457
-0.74212	-0.461	458
-0.74079	-0.46	459
-0.73956	-0.459	460
-0.73861	-0.459	461
-0.73832	-0.459	462
-0.73976	-0.459	463
-0.73762	-0.458	464
-0.73769	-0.458	465
-0.73635	-0.458	466
-0.7368	-0.458	467
-0.73585	-0.457	468
-0.73506	-0.457	469
-0.73488	-0.457	470
-0.73602	-0.457	471
-0.73516	-0.457	472
-0.73386	-0.456	473
-0.73318	-0.456	474
-0.7333	-0.456	475
-0.73398	-0.456	476
-0.7331	-0.456	477
-0.73252	-0.456	478
-0.73293	-0.456	479
-0.73075	-0.455	480
-0.73144	-0.455	481
-0.72638	-0.452	482
-0.72666	-0.452	483
-0.72644	-0.452	484
-0.72402	-0.451	485
-0.72377	-0.451	486
-0.72378	-0.451	487
-0.723	-0.451	488
-0.7243	-0.451	489
-0.72159	-0.45	490
-0.72278	-0.45	491
-0.72251	-0.45	492
-0.72209	-0.45	493
-0.71911	-0.449	494
-0.71719	-0.448	495
-0.71827	-0.448	496
-0.71617	-0.447	497
-0.71662	-0.447	498
-0.71526	-0.447	499
-0.71383	-0.446	500
-0.71408	-0.446	501
-0.71396	-0.446	502
-0.71268	-0.445	503
-0.71198	-0.445	504
-0.71192	-0.445	505
-0.71119	-0.444	506
-0.70993	-0.444	507
-0.71062	-0.444	508
-0.71085	-0.444	509
-0.70761	-0.443	510
-0.70866	-0.443	511
-0.70828	-0.443	512
-0.70648	-0.442	513
-0.70617	-0.442	514
-0.70655	-0.442	515
-0.70651	-0.442	516
-0.70622	-0.442	517
-0.70573	-0.442	518
-0.70362	-0.441	519
-0.70455	-0.441	520
-0.70299	-0.44	521
-0.70165	-0.44	522
-0.70258	-0.44	523
-0.69985	-0.439	524
-0.70133	-0.439	525
-0.69804	-0.438	526
-0.69787	-0.438	527
-0.69698	-0.437	528
-0.69621	-0.437	529
-0.69313	-0.435	530
-0.69179	-0.435	531
-0.69317	-0.435	532
-0.69354	-0.435	533
-0.6919	-0.435	534
-0.69237	-0.435	535
-0.69144	-0.434	536
-0.69015	-0.434	537
-0.69038	-0.434	538
-0.69151	-0.434	539
-0.69151	-0.434	540
-0.69035	-0.434	541
-0.68888	-0.433	542
-0.68907	-0.433	543
-0.68858	-0.433	544
-0.68679	-0.432	545
-0.68709	-0.432	546
-0.68508	-0.431	547
-0.68421	-0.431	548
-0.68404	-0.431	549
-0.68524	-0.431	550
-0.68517	-0.431	551
-0.68415	-0.431	552
-0.68397	-0.431	553
-0.68344	-0.43	554
-0.68047	-0.429	555
-0.68136	-0.429	556
-0.68026	-0.429	557
-0.67826	-0.428	558
-0.67922	-0.428	559
-0.67837	-0.428	560
-0.67678	-0.427	561
-0.67766	-0.427	562
-0.67406	-0.426	563
-0.67561	-0.426	564
-0.67567	-0.426	565
-0.67388	-0.426	566
-0.67277	-0.425	567
-0.67019	-0.424	568
-0.671	-0.424	569
-0.67032	-0.424	570
-0.67156	-0.424	571
-0.67173	-0.424	572
-0.66893	-0.423	573
-0.66818	-0.423	574
-0.66809	-0.423	575
-0.66699	-0.422	576
-0.66712	-0.422	577
-0.6667	-0.422	578
-0.66631	-0.422	579
-0.66664	-0.422	580
-0.66737	-0.422	581
-0.66563	-0.421	582
-0.66534	-0.421	583
-0.66191	-0.42	584
-0.66252	-0.42	585
-0.66266	-0.42	586
-0.6605	-0.419	587
-0.66104	-0.419	588
-0.66108	-0.419	589
-0.66112	-0.419	590
-0.66093	-0.419	591
-0.6584	-0.418	592
-0.65852	-0.418	593
-0.65841	-0.418	594
-0.65876	-0.418	595
-0.65795	-0.418	596
-0.65955	-0.418	597
-0.65603	-0.417	598
-0.65719	-0.417	599
-0.65754	-0.417	600
-0.65622	-0.417	601
-0.65742	-0.417	602
-0.65672	-0.417	603
-0.65627	-0.417	604
-0.65617	-0.417	605
-0.65503	-0.416	606
-0.65576	-0.416	607
-0.65424	-0.416	608
-0.65271	-0.415	609
-0.65118	-0.414	610
-0.6517	-0.414	611
-0.65151	-0.414	612
-0.6514	-0.414	613
-0.6492	-0.413	614
-0.64868	-0.413	615
-0.64851	-0.413	616
-0.64867	-0.413	617
-0.64608	-0.412	618
-0.64604	-0.412	619
-0.64371	-0.411	620
-0.64514	-0.411	621
-0.64262	-0.41	622
-0.64252	-0.41	623
-0.6408	-0.409	624
-0.64126	-0.409	625
-0.64153	-0.409	626
-0.63814	-0.408	627
-0.63611	-0.407	628
-0.63718	-0.407	629
-0.63559	-0.407	630
-0.63353	-0.406	631
-0.63433	-0.406	632
-0.63478	-0.406	633
-0.63328	-0.405	634
-0.63058	-0.404	635
-0.62963	-0.404	636
-0.63048	-0.404	637
-0.62828	-0.403	638
-0.62746	-0.403	639
-0.62598	-0.402	640
-0.6268	-0.402	641
-0.62526	-0.402	642
-0.62656	-0.402	643
-0.62705	-0.402	644
-0.62502	-0.401	645
-0.62327	-0.401	646
-0.62305	-0.401	647
-0.62451	-0.401	648
-0.6215	-0.4	649
-0.62119	-0.4	650
-0.62204	-0.4	651
-0.62023	-0.399	652
-0.61997	-0.399	653
-0.61937	-0.399	654
-0.61811	-0.398	655
-0.61504	-0.397	656
-0.61652	-0.397	657
-0.61326	-0.396	658
-0.61344	-0.396	659
-0.61198	-0.395	660
-0.61249	-0.395	661
-0.61236	-0.395	662
-0.61216	-0.395	663
-0.61058	-0.395	664
-0.60867	-0.394	665
-0.61045	-0.394	666
-0.60728	-0.393	667
-0.60661	-0.393	668
-0.60778	-0.393	669
-0.60599	-0.392	670
-0.60562	-0.392	671
-0.60533	-0.392	672
-0.605	-0.392	673
-0.60361	-0.391	674
-0.60334	-0.391	675
-0.60306	-0.391	676
-0.60266	-0.391	677
-0.60321	-0.391	678
-0.60272	-0.391	679
-0.60233	-0.391	680
-0.6036	-0.391	681
-0.60131	-0.39	682
-0.60057	-0.39	683
-0.6021	-0.39	684
-0.60179	-0.39	685
-0.59868	-0.389	686
-0.59814	-0.389	687
-0.59797	-0.389	688
-0.59768	-0.388	689
-0.59655	-0.388	690
-0.59717	-0.388	691
-0.59736	-0.388	692
-0.59641	-0.388	693
-0.59653	-0.388	694
-0.59385	-0.387	695
-0.59567	-0.387	696
-0.5929	-0.386	697
-0.59368	-0.386	698
-0.59319	-0.386	699
-0.58959	-0.385	700
-0.59154	-0.385	701
-0.59056	-0.385	702
-0.58951	-0.385	703
-0.58751	-0.384	704
-0.58848	-0.384	705
-0.58641	-0.383	706
-0.58725	-0.383	707
-0.58625	-0.383	708
-0.58377	-0.382	709
-0.58154	-0.381	710
-0.58019	-0.38	711
-0.58018	-0.38	712
-0.57771	-0.379	713
-0.57671	-0.379	714
-0.57757	-0.379	715
-0.57771	-0.379	716
-0.57588	-0.378	717
-0.57493	-0.378	718
-0.57504	-0.378	719
-0.57632	-0.378	720
-0.57635	-0.378	721
-0.57279	-0.377	722
-0.57248	-0.377	723
-0.57187	-0.376	724
-0.56807	-0.375	725
-0.56817	-0.375	726
-0.56884	-0.375	727
-0.56959	-0.375	728
-0.5669	-0.374	729
-0.56645	-0.374	730
-0.5679	-0.374	731
-0.56787	-0.374	732
-0.56574	-0.373	733
-0.56552	-0.373	734
-0.56513	-0.373	735
-0.56146	-0.371	736
-0.55982	-0.371	737
-0.56064	-0.371	738
-0.5585	-0.37	739
-0.55878	-0.37	740
-0.55716	-0.37	741
-0.55826	-0.37	742
-0.55738	-0.37	743
-0.55929	-0.37	744
-0.55747	-0.37	745
-0.55574	-0.369	746
-0.5565	-0.369	747
-0.55452	-0.368	748
-0.55468	-0.368	749
-0.55376	-0.368	750
-0.55139	-0.367	751
-0.55032	-0.366	752
-0.5494	-0.366	753
-0.54731	-0.365	754
-0.54669	-0.365	755
-0.54721	-0.365	756
-0.54716	-0.365	757
-0.54788	-0.365	758
-0.54572	-0.364	759
-0.54273	-0.363	760
-0.54318	-0.363	761
-0.54371	-0.363	762
-0.54267	-0.363	763
-0.54347	-0.363	764
-0.54003	-0.362	765
-0.54061	-0.362	766
-0.53795	-0.361	767
-0.53763	-0.361	768
-0.53909	-0.361	769
-0.53404	-0.359	770
-0.53456	-0.359	771
-0.53231	-0.358	772
-0.53201	-0.358	773
-0.53186	-0.358	774
-0.53281	-0.358	775
-0.53144	-0.358	776
-0.53265	-0.358	777
-0.52893	-0.357	778
-0.52876	-0.357	779
-0.52947	-0.357	780
-0.52828	-0.356	781
-0.52692	-0.356	782
-0.52652	-0.356	783
-0.5281	-0.356	784
-0.52778	-0.356	785
-0.52671	-0.356	786
-0.5258	-0.355	787
-0.52498	-0.355	788
-0.52197	-0.354	789
-0.52246	-0.354	790
-0.52211	-0.354	791
-0.52238	-0.354	792
-0.52276	-0.354	793
-0.5236	-0.354	794
-0.51972	-0.353	795
-0.51991	-0.353	796
-0.51769	-0.352	797
-0.51823	-0.352	798
-0.5175	-0.352	799
-0.5181	-0.352	800
-0.51902	-0.352	801
-0.51713	-0.351	802
-0.51655	-0.351	803
-0.51528	-0.351	804
-0.51461	-0.35	805
-0.51477	-0.35	806
-0.51319	-0.35	807
-0.51144	-0.349	808
-0.51117	-0.349	809
-0.50843	-0.348	810
-0.50799	-0.347	811
-0.50631	-0.347	812
-0.50718	-0.347	813
-0.50797	-0.347	814
-0.50626	-0.347	815
-0.50564	-0.346	816
-0.5039	-0.346	817
-0.50415	-0.346	818
-0.5045	-0.346	819
-0.50547	-0.346	820
-0.50242	-0.345	821
-0.5025	-0.345	822
-0.50179	-0.345	823
-0.50144	-0.345	824
-0.49856	-0.343	825
-0.49894	-0.343	826
-0.4973	-0.343	827
-0.49504	-0.342	828
-0.4945	-0.342	829
-0.49286	-0.341	830
-0.4938	-0.341	831
-0.49256	-0.341	832
-0.49271	-0.341	833
-0.49256	-0.341	834
-0.49325	-0.341	835
-0.49056	-0.34	836
-0.48846	-0.339	837
-0.48891	-0.339	838
-0.48848	-0.339	839
-0.48903	-0.339	840
-0.48776	-0.339	841
-0.48898	-0.339	842
-0.4871	-0.338	843
-0.48536	-0.338	844
-0.48669	-0.338	845
-0.48546	-0.338	846
-0.48524	-0.338	847
-0.48427	-0.337	848
-0.48508	-0.337	849
-0.48071	-0.336	850
-0.48076	-0.336	851
-0.48234	-0.336	852
-0.48242	-0.336	853
-0.47919	-0.335	854
-0.48049	-0.335	855
-0.47874	-0.335	856
-0.47599	-0.334	857
-0.47659	-0.334	858
-0.47813	-0.334	859
-0.47783	-0.334	860
-0.47631	-0.334	861
-0.47352	-0.333	862
-0.47453	-0.333	863
-0.47209	-0.332	864
-0.47323	-0.332	865
-0.47151	-0.332	866
-0.47017	-0.331	867
-0.46968	-0.331	868
-0.47016	-0.331	869
-0.47102	-0.331	870
-0.4682	-0.33	871
-0.46796	-0.33	872
-0.46568	-0.329	873
-0.46507	-0.329	874
-0.46524	-0.329	875
-0.46189	-0.328	876
-0.46288	-0.328	877
-0.46204	-0.328	878
-0.45947	-0.327	879
-0.46024	-0.327	880
-0.46029	-0.327	881
-0.46026	-0.327	882
-0.45827	-0.326	883
-0.45844	-0.326	884
-0.45834	-0.326	885
-0.45714	-0.326	886
-0.45902	-0.326	887
-0.4582	-0.326	888
-0.45654	-0.325	889
-0.455	-0.325	890
-0.45548	-0.325	891
-0.45478	-0.325	892
-0.4555	-0.325	893
-0.4545	-0.324	894
-0.45402	-0.324	895
-0.45171	-0.323	896
-0.45	-0.323	897
-0.45029	-0.323	898
-0.45157	-0.323	899
-0.44901	-0.322	900
-0.44823	-0.322	901
-0.44762	-0.322	902
-0.44922	-0.322	903
-0.44799	-0.322	904
-0.44594	-0.321	905
-0.44639	-0.321	906
-0.44707	-0.321	907
-0.44622	-0.321	908
-0.44473	-0.32	909
-0.44076	-0.319	910
-0.43819	-0.318	911
-0.43605	-0.317	912
-0.43579	-0.317	913
-0.43693	-0.317	914
-0.43518	-0.316	915
-0.43103	-0.315	916
-0.43198	-0.315	917
-0.43242	-0.315	918
-0.42827	-0.314	919
-0.43045	-0.314	920
-0.42721	-0.313	921
-0.42749	-0.313	922
-0.42333	-0.312	923
-0.42489	-0.312	924
-0.42318	-0.312	925
-0.42138	-0.311	926
-0.4225	-0.311	927
-0.4228	-0.311	928
-0.42154	-0.311	929
-0.41866	-0.31	930
-0.42039	-0.31	931
-0.42028	-0.31	932
-0.41875	-0.31	933
-0.41898	-0.31	934
-0.41736	-0.309	935
-0.41585	-0.309	936
-0.41369	-0.308	937
-0.41347	-0.308	938
-0.41145	-0.307	939
-0.411	-0.307	940
-0.40959	-0.306	941
-0.4093	-0.306	942
-0.40784	-0.305	943
-0.407	-0.305	944
-0.40612	-0.305	945
-0.40705	-0.305	946
-0.40423	-0.304	947
-0.40459	-0.304	948
-0.40155	-0.303	949
-0.40246	-0.303	950
-0.40101	-0.303	951
-0.40258	-0.303	952
-0.39915	-0.302	953
-0.3986	-0.302	954
-0.39802	-0.301	955
-0.39613	-0.301	956
-0.39612	-0.301	957
-0.39822	-0.301	958
-0.3982	-0.301	959
-0.39757	-0.301	960
-0.39468	-0.3	961
-0.39512	-0.3	962
-0.39131	-0.299	963
-0.38849	-0.298	964
-0.38943	-0.298	965
-0.38919	-0.298	966
-0.38917	-0.298	967
-0.38882	-0.298	968
-0.38727	-0.297	969
-0.38739	-0.297	970
-0.3875	-0.297	971
-0.38409	-0.296	972
-0.38501	-0.296	973
-0.38111	-0.295	974
-0.38312	-0.295	975
-0.38131	-0.295	976
-0.37877	-0.294	977
-0.37886	-0.294	978
-0.38043	-0.294	979
-0.37637	-0.293	980
-0.37779	-0.293	981
-0.37723	-0.293	982
-0.37753	-0.293	983
-0.37668	-0.293	984
-0.3777	-0.293	985
-0.37635	-0.293	986
-0.37714	-0.293	987
-0.37566	-0.293	988
-0.37727	-0.293	989
-0.37359	-0.292	990
-0.37423	-0.292	991
-0.3752	-0.292	992
-0.37145	-0.291	993
-0.37251	-0.291	994
-0.37124	-0.291	995
-0.3683	-0.29	996
-0.36798	-0.29	997
-0.36664	-0.289	998
-0.3674	-0.289	999
-0.36623	-0.289	1000
-0.366	-0.289	1001
-0.36765	-0.289	1002
-0.36282	-0.288	1003
-0.36424	-0.288	1004
-0.36306	-0.288	1005
-0.36361	-0.288	1006
-0.36364	-0.288	1007
-0.36374	-0.288	1008
-0.36385	-0.288	1009
-0.36213	-0.287	1010
-0.36141	-0.287	1011
-0.36055	-0.287	1012
-0.36256	-0.287	1013
-0.36166	-0.287	1014
-0.36124	-0.287	1015
-0.36254	-0.287	1016
-0.35844	-0.286	1017
-0.35744	-0.286	1018
-0.35788	-0.286	1019
-0.35731	-0.285	1020
-0.35537	-0.285	1021
-0.3562	-0.285	1022
-0.35304	-0.284	1023
-0.35255	-0.284	1024
-0.35395	-0.284	1025
-0.3524	-0.284	1026
-0.35253	-0.284	1027
-0.35202	-0.283	1028
-0.34995	-0.283	1029
-0.35143	-0.283	1030
-0.3471	-0.282	1031
-0.34733	-0.282	1032
-0.34788	-0.282	1033
-0.34354	-0.28	1034
-0.34277	-0.28	1035
-0.33967	-0.279	1036
-0.33696	-0.278	1037
-0.33869	-0.278	1038
-0.33576	-0.277	1039
-0.336	-0.277	1040
-0.33577	-0.277	1041
-0.33419	-0.277	1042
-0.33531	-0.277	1043
-0.33427	-0.277	1044
-0.33296	-0.276	1045
-0.33205	-0.276	1046
-0.33313	-0.276	1047
-0.33041	-0.275	1048
-0.32648	-0.274	1049
-0.32611	-0.274	1050
-0.32766	-0.274	1051
-0.32805	-0.274	1052
-0.32317	-0.273	1053
-0.32438	-0.273	1054
-0.32482	-0.273	1055
-0.32348	-0.273	1056
-0.32368	-0.273	1057
-0.3211	-0.272	1058
-0.32268	-0.272	1059
-0.32249	-0.272	1060
-0.3213	-0.272	1061
-0.32058	-0.272	1062
-0.31841	-0.271	1063
-0.32007	-0.271	1064
-0.31913	-0.271	1065
-0.31884	-0.271	1066
-0.32013	-0.271	1067
-0.31844	-0.271	1068
-0.31925	-0.271	1069
-0.31739	-0.27	1070
-0.31574	-0.27	1071
-0.31713	-0.27	1072
-0.31258	-0.269	1073
-0.31248	-0.269	1074
-0.31088	-0.268	1075
-0.31067	-0.268	1076
-0.31098	-0.268	1077
-0.30681	-0.267	1078
-0.30919	-0.267	1079
-0.30802	-0.267	1080
-0.30776	-0.267	1081
-0.30893	-0.267	1082
-0.30818	-0.267	1083
-0.30529	-0.266	1084
-0.30165	-0.265	1085
-0.30116	-0.265	1086
-0.30261	-0.265	1087
-0.30189	-0.265	1088
-0.30304	-0.265	1089
-0.30046	-0.264	1090
-0.30042	-0.264	1091
-0.29952	-0.264	1092
-0.30038	-0.264	1093
-0.2987	-0.264	1094
-0.29886	-0.264	1095
-0.29825	-0.263	1096
-0.29743	-0.263	1097
-0.29597	-0.263	1098
-0.29467	-0.262	1099
-0.29445	-0.262	1100
-0.29392	-0.262	1101
-0.29332	-0.262	1102
-0.29076	-0.261	1103
-0.29093	-0.261	1104
-0.29087	-0.261	1105
-0.29218	-0.261	1106
-0.29123	-0.261	1107
-0.29061	-0.261	1108
-0.29282	-0.261	1109
-0.28817	-0.26	1110
-0.28783	-0.26	1111
-0.28954	-0.26	1112
-0.28987	-0.26	1113
-0.28942	-0.26	1114
-0.28577	-0.259	1115
-0.28593	-0.259	1116
-0.28521	-0.259	1117
-0.28332	-0.258	1118
-0.28235	-0.258	1119
-0.28286	-0.258	1120
-0.27719	-0.256	1121
-0.27467	-0.255	1122
-0.27506	-0.255	1123
-0.27425	-0.255	1124
-0.27531	-0.255	1125
-0.27355	-0.255	1126
-0.27267	-0.254	1127
-0.27085	-0.254	1128
-0.27056	-0.254	1129
-0.27111	-0.254	1130
-0.27115	-0.254	1131
-0.27249	-0.254	1132
-0.27169	-0.254	1133
-0.26834	-0.253	1134
-0.26906	-0.253	1135
-0.26663	-0.252	1136
-0.26591	-0.252	1137
-0.26743	-0.252	1138
-0.26362	-0.251	1139
-0.26411	-0.251	1140
-0.26203	-0.251	1141
-0.25921	-0.25	1142
-0.26143	-0.25	1143
-0.26087	-0.25	1144
-0.25941	-0.25	1145
-0.25825	-0.249	1146
-0.25696	-0.249	1147
-0.2564	-0.249	1148
-0.25707	-0.249	1149
-0.25584	-0.248	1150
-0.25405	-0.248	1151
-0.25072	-0.247	1152
-0.2498	-0.246	1153
-0.24852	-0.246	1154
-0.24756	-0.246	1155
-0.2493	-0.246	1156
-0.2448	-0.245	1157
-0.24699	-0.245	1158
-0.24625	-0.245	1159
-0.24493	-0.245	1160
-0.2468	-0.245	1161
-0.24308	-0.244	1162
-0.24159	-0.244	1163
-0.24269	-0.244	1164
-0.24191	-0.244	1165
-0.24108	-0.243	1166
-0.23939	-0.243	1167
-0.23882	-0.243	1168
-0.23749	-0.242	1169
-0.23668	-0.242	1170
-0.2374	-0.242	1171
-0.23776	-0.242	1172
-0.23312	-0.241	1173
-0.23291	-0.241	1174
-0.233	-0.241	1175
-0.23445	-0.241	1176
-0.23202	-0.24	1177
-0.23182	-0.24	1178
-0.23234	-0.24	1179
-0.22994	-0.24	1180
-0.22909	-0.239	1181
-0.22686	-0.239	1182
-0.22874	-0.239	1183
-0.22904	-0.239	1184
-0.22572	-0.238	1185
-0.22548	-0.238	1186
-0.22445	-0.238	1187
-0.22471	-0.238	1188
-0.22579	-0.238	1189
-0.22288	-0.237	1190
-0.22346	-0.237	1191
-0.22029	-0.236	1192
-0.21841	-0.236	1193
-0.21945	-0.236	1194
-0.21505	-0.235	1195
-0.21559	-0.235	1196
-0.21631	-0.235	1197
-0.21687	-0.235	1198
-0.21772	-0.235	1199
-0.21353	-0.234	1200
-0.21483	-0.234	1201
-0.21035	-0.233	1202
-0.20908	-0.233	1203
-0.21092	-0.233	1204
-0.20915	-0.233	1205
-0.20891	-0.233	1206
-0.20634	-0.232	1207
-0.20784	-0.232	1208
-0.2063	-0.232	1209
-0.2081	-0.232	1210
-0.20829	-0.232	1211
-0.20323	-0.231	1212
-0.20305	-0.231	1213
-0.20532	-0.231	1214
-0.19971	-0.23	1215
-0.20193	-0.23	1216
-0.19887	-0.229	1217
-0.19834	-0.229	1218
-0.19535	-0.228	1219
-0.19497	-0.228	1220
-0.19564	-0.228	1221
-0.19453	-0.228	1222
-0.19652	-0.228	1223
-0.19455	-0.228	1224
-0.1947	-0.228	1225
-0.19211	-0.227	1226
-0.19264	-0.227	1227
-0.19075	-0.227	1228
-0.18952	-0.226	1229
-0.18983	-0.226	1230
-0.18706	-0.225	1231
-0.18628	-0.225	1232
-0.18691	-0.225	1233
-0.18431	-0.225	1234
-0.1851	-0.225	1235
-0.18253	-0.224	1236
-0.18405	-0.224	1237
-0.18074	-0.223	1238
-0.17891	-0.223	1239
-0.18078	-0.223	1240
-0.17736	-0.222	1241
-0.17745	-0.222	1242
-0.17561	-0.222	1243
-0.1728	-0.221	1244
-0.1691	-0.22	1245
-0.16957	-0.22	1246
-0.1688	-0.22	1247
-0.17026	-0.22	1248
-0.16711	-0.219	1249
-0.16311	-0.218	1250
-0.16526	-0.218	1251
-0.16462	-0.218	1252
-0.1645	-0.218	1253
-0.15941	-0.217	1254
-0.16088	-0.217	1255
-0.15908	-0.216	1256
-0.15645	-0.216	1257
-0.15791	-0.216	1258
-0.15435	-0.215	1259
-0.15352	-0.215	1260
-0.15518	-0.215	1261
-0.15356	-0.215	1262
-0.15227	-0.214	1263
-0.15057	-0.214	1264
-0.15022	-0.214	1265
-0.14671	-0.213	1266
-0.14868	-0.213	1267
-0.1471	-0.213	1268
-0.1492	-0.213	1269
-0.14455	-0.212	1270
-0.14509	-0.212	1271
-0.14324	-0.212	1272
-0.14143	-0.211	1273
-0.1419	-0.211	1274
-0.14148	-0.211	1275
-0.14009	-0.211	1276
-0.14172	-0.211	1277
-0.14209	-0.211	1278
-0.13885	-0.21	1279
-0.13824	-0.21	1280
-0.13826	-0.21	1281
-0.13755	-0.21	1282
-0.13361	-0.209	1283
-0.13332	-0.209	1284
-0.1359	-0.209	1285
-0.13361	-0.209	1286
-0.1346	-0.209	1287
-0.13444	-0.209	1288
-0.1328	-0.208	1289
-0.13076	-0.208	1290
-0.13287	-0.208	1291
-0.13145	-0.208	1292
-0.12814	-0.207	1293
-0.12868	-0.207	1294
-0.12674	-0.207	1295
-0.12953	-0.207	1296
-0.12691	-0.207	1297
-0.12629	-0.206	1298
-0.12497	-0.206	1299
-0.12504	-0.206	1300
-0.12543	-0.206	1301
-0.12069	-0.205	1302
-0.12069	-0.205	1303
-0.1179	-0.204	1304
-0.1191	-0.204	1305
-0.11917	-0.204	1306
-0.11965	-0.204	1307
-0.11536	-0.203	1308
-0.11573	-0.203	1309
-0.11486	-0.203	1310
-0.11592	-0.203	1311
-0.11403	-0.203	1312
-0.11329	-0.202	1313
-0.11316	-0.202	1314
-0.11273	-0.202	1315
-0.11161	-0.202	1316
-0.11113	-0.202	1317
-0.1088	-0.201	1318
-0.10794	-0.201	1319
-0.10777	-0.201	1320
-0.1069	-0.201	1321
-0.10673	-0.201	1322
-0.10641	-0.2	1323
-0.10443	-0.2	1324
-0.10292	-0.199	1325
-0.10279	-0.199	1326
-0.1013	-0.199	1327
-0.10051	-0.199	1328
-0.0997	-0.198	1329
-0.09961	-0.198	1330
-0.09936	-0.198	1331
-0.09926	-0.198	1332
-0.09909	-0.198	1333
-0.09843	-0.198	1334
-0.09811	-0.198	1335
-0.09759	-0.198	1336
-0.09675	-0.198	1337
-0.09638	-0.197	1338
-0.09576	-0.197	1339
-0.09465	-0.197	1340
-0.09315	-0.197	1341
-0.09096	-0.196	1342
-0.09044	-0.196	1343
-0.09	-0.196	1344
-0.08972	-0.196	1345
-0.08909	-0.195	1346
-0.08863	-0.195	1347
-0.08419	-0.194	1348
-0.08184	-0.193	1349
-0.08159	-0.193	1350
-0.08066	-0.193	1351
-0.07918	-0.192	1352
-0.07913	-0.192	1353
-0.07757	-0.192	1354
-0.07744	-0.192	1355
-0.07577	-0.191	1356
-0.07545	-0.191	1357
-0.07507	-0.191	1358
-0.07495	-0.191	1359
-0.07432	-0.191	1360
-0.07432	-0.191	1361
-0.073	-0.191	1362
-0.07181	-0.19	1363
-0.0708	-0.19	1364
-0.06925	-0.19	1365
-0.06902	-0.19	1366
-0.06706	-0.189	1367
-0.06655	-0.189	1368
-0.06632	-0.189	1369
-0.06571	-0.189	1370
-0.06351	-0.188	1371
-0.06123	-0.187	1372
-0.06105	-0.187	1373
-0.06034	-0.187	1374
-0.0598	-0.187	1375
-0.05977	-0.187	1376
-0.05951	-0.187	1377
-0.0589	-0.187	1378
-0.05851	-0.187	1379
-0.05846	-0.187	1380
-0.05764	-0.186	1381
-0.05612	-0.186	1382
-0.05609	-0.186	1383
-0.05586	-0.186	1384
-0.05581	-0.186	1385
-0.05493	-0.186	1386
-0.0549	-0.186	1387
-0.05436	-0.185	1388
-0.05348	-0.185	1389
-0.05219	-0.185	1390
-0.05114	-0.185	1391
-0.04663	-0.183	1392
-0.04574	-0.183	1393
-0.04527	-0.183	1394
-0.04514	-0.183	1395
-0.04329	-0.182	1396
-0.0414	-0.182	1397
-0.04038	-0.182	1398
-0.04003	-0.181	1399
-0.03735	-0.181	1400
-0.03646	-0.18	1401
-0.0358	-0.18	1402
-0.03561	-0.18	1403
-0.03471	-0.18	1404
-0.03244	-0.179	1405
-0.03212	-0.179	1406
-0.03188	-0.179	1407
-0.02928	-0.179	1408
-0.02907	-0.178	1409
-0.02771	-0.178	1410
-0.02718	-0.178	1411
-0.02702	-0.178	1412
-0.02687	-0.178	1413
-0.02635	-0.178	1414
-0.02625	-0.178	1415
-0.02264	-0.177	1416
-0.02215	-0.177	1417
-0.02172	-0.176	1418
-0.02151	-0.176	1419
-0.02105	-0.176	1420
-0.02103	-0.176	1421
-0.01987	-0.176	1422
-0.01939	-0.176	1423
-0.01753	-0.175	1424
-0.01391	-0.174	1425
-0.01383	-0.174	1426
-0.01326	-0.174	1427
-0.01202	-0.174	1428
-0.00819	-0.173	1429
-0.00614	-0.172	1430
-0.00592	-0.172	1431
-0.00521	-0.172	1432
-0.00497	-0.172	1433
-0.00488	-0.172	1434
-0.00469	-0.172	1435
-0.0045	-0.172	1436
-0.0045	-0.172	1437
-0.00343	-0.172	1438
-0.0031	-0.172	1439
-0.00223	-0.171	1440
-0.00061	-0.171	1441
-0.00033	-0.171	1442
-0.000086	-0.171	1443
0.001374	-0.17	1444
0.001896	-0.17	1445
0.004988	-0.169	1446
0.006178	-0.169	1447
0.010481	-0.168	1448
0.011539	-0.168	1449
0.011595	-0.168	1450
0.013353	-0.167	1451
0.014582	-0.167	1452
0.016122	-0.166	1453
0.016514	-0.166	1454
0.016822	-0.166	1455
0.017439	-0.166	1456
0.01758	-0.166	1457
0.01831	-0.166	1458
0.018478	-0.166	1459
0.019912	-0.166	1460
0.020278	-0.165	1461
0.021292	-0.165	1462
0.021828	-0.165	1463
0.02259	-0.165	1464
0.024681	-0.164	1465
0.028242	-0.163	1466
0.030844	-0.163	1467
0.03093	-0.163	1468
0.032043	-0.162	1469
0.033299	-0.162	1470
0.037254	-0.161	1471
0.03757	-0.161	1472
0.038259	-0.161	1473
0.038461	-0.161	1474
0.04065	-0.16	1475
0.040736	-0.16	1476
0.04088	-0.16	1477
0.041804	-0.16	1478
0.043336	-0.16	1479
0.04545	-0.159	1480
0.045711	-0.159	1481
0.046278	-0.159	1482
0.049199	-0.158	1483
0.050482	-0.158	1484
0.053113	-0.157	1485
0.055222	-0.157	1486
0.055577	-0.157	1487
0.056367	-0.156	1488
0.057555	-0.156	1489
0.060874	-0.155	1490
0.062441	-0.155	1491
0.062737	-0.155	1492
0.066119	-0.154	1493
0.067279	-0.154	1494
0.067845	-0.154	1495
0.068351	-0.153	1496
0.071158	-0.153	1497
0.072625	-0.152	1498
0.072954	-0.152	1499
0.075265	-0.152	1500
0.076137	-0.152	1501
0.07698	-0.151	1502
0.080088	-0.151	1503
0.080481	-0.151	1504
0.083754	-0.15	1505
0.083814	-0.15	1506
0.085577	-0.149	1507
0.085699	-0.149	1508
0.086217	-0.149	1509
0.088809	-0.149	1510
0.088993	-0.148	1511
0.089115	-0.148	1512
0.089329	-0.148	1513
0.089635	-0.148	1514
0.093221	-0.147	1515
0.094881	-0.147	1516
0.094881	-0.147	1517
0.095897	-0.147	1518
0.098026	-0.146	1519
0.100068	-0.146	1520
0.100966	-0.146	1521
0.102487	-0.145	1522
0.103171	-0.145	1523
0.103886	-0.145	1524
0.10426	-0.145	1525
0.104727	-0.145	1526
0.106692	-0.144	1527
0.107848	-0.144	1528
0.108735	-0.144	1529
0.109695	-0.144	1530
0.109767	-0.144	1531
0.110196	-0.144	1532
0.112677	-0.143	1533
0.115576	-0.142	1534
0.116398	-0.142	1535
0.116714	-0.142	1536
0.117156	-0.142	1537
0.117726	-0.142	1538
0.117821	-0.142	1539
0.121469	-0.141	1540
0.123093	-0.141	1541
0.12456	-0.14	1542
0.125007	-0.14	1543
0.12811	-0.139	1544
0.128559	-0.139	1545
0.129297	-0.139	1546
0.129458	-0.139	1547
0.129811	-0.139	1548
0.131033	-0.139	1549
0.132128	-0.139	1550
0.132386	-0.138	1551
0.132456	-0.138	1552
0.132837	-0.138	1553
0.134516	-0.138	1554
0.135874	-0.138	1555
0.137235	-0.137	1556
0.142016	-0.136	1557
0.142864	-0.136	1558
0.142995	-0.136	1559
0.144433	-0.136	1560
0.144826	-0.136	1561
0.146104	-0.135	1562
0.147712	-0.135	1563
0.148402	-0.135	1564
0.148534	-0.135	1565
0.14883	-0.135	1566
0.151895	-0.134	1567
0.153548	-0.134	1568
0.155167	-0.133	1569
0.158062	-0.133	1570
0.162635	-0.132	1571
0.162869	-0.132	1572
0.166965	-0.131	1573
0.167372	-0.131	1574
0.167553	-0.131	1575
0.168515	-0.131	1576
0.171454	-0.13	1577
0.174575	-0.129	1578
0.175765	-0.129	1579
0.176583	-0.129	1580
0.177264	-0.129	1581
0.177532	-0.129	1582
0.179484	-0.128	1583
0.180162	-0.128	1584
0.180511	-0.128	1585
0.180614	-0.128	1586
0.183324	-0.127	1587
0.184906	-0.127	1588
0.186975	-0.127	1589
0.188001	-0.126	1590
0.190089	-0.126	1591
0.190956	-0.126	1592
0.191232	-0.126	1593
0.193424	-0.125	1594
0.197088	-0.125	1595
0.198594	-0.124	1596
0.199155	-0.124	1597
0.199892	-0.124	1598
0.200418	-0.124	1599
0.200699	-0.124	1600
0.201192	-0.124	1601
0.204963	-0.123	1602
0.205529	-0.123	1603
0.207831	-0.122	1604
0.210069	-0.122	1605
0.210923	-0.122	1606
0.214599	-0.121	1607
0.216104	-0.121	1608
0.21718	-0.12	1609
0.217719	-0.12	1610
0.218869	-0.12	1611
0.219163	-0.12	1612
0.220863	-0.12	1613
0.221428	-0.12	1614
0.22262	-0.119	1615
0.223814	-0.119	1616
0.225083	-0.119	1617
0.225845	-0.119	1618
0.227189	-0.118	1619
0.229448	-0.118	1620
0.23058	-0.118	1621
0.230799	-0.118	1622
0.232408	-0.117	1623
0.233325	-0.117	1624
0.233655	-0.117	1625
0.235454	-0.117	1626
0.236484	-0.117	1627
0.237516	-0.116	1628
0.241583	-0.116	1629
0.241879	-0.116	1630
0.247513	-0.114	1631
0.24806	-0.114	1632
0.248209	-0.114	1633
0.249182	-0.114	1634
0.249482	-0.114	1635
0.249744	-0.114	1636
0.250419	-0.114	1637
0.250794	-0.114	1638
0.252259	-0.114	1639
0.252371	-0.114	1640
0.252409	-0.114	1641
0.254141	-0.113	1642
0.254216	-0.113	1643
0.254593	-0.113	1644
0.255725	-0.113	1645
0.256103	-0.113	1646
0.258715	-0.112	1647
0.260689	-0.112	1648
0.26244	-0.112	1649
0.262859	-0.112	1650
0.263966	-0.111	1651
0.265533	-0.111	1652
0.266529	-0.111	1653
0.266759	-0.111	1654
0.271603	-0.11	1655
0.271681	-0.11	1656
0.27338	-0.11	1657
0.273767	-0.109	1658
0.274929	-0.109	1659
0.275743	-0.109	1660
0.276353	-0.109	1661
0.276597	-0.109	1662
0.277685	-0.109	1663
0.280412	-0.108	1664
0.280803	-0.108	1665
0.282017	-0.108	1666
0.283228	-0.108	1667
0.285112	-0.107	1668
0.28696	-0.107	1669
0.287472	-0.107	1670
0.288419	-0.107	1671
0.288814	-0.107	1672
0.289288	-0.107	1673
0.291345	-0.106	1674
0.29309	-0.106	1675
0.295915	-0.105	1676
0.299552	-0.105	1677
0.302401	-0.104	1678
0.302562	-0.104	1679
0.30373	-0.104	1680
0.30494	-0.104	1681
0.30502	-0.104	1682
0.30692	-0.103	1683
0.307041	-0.103	1684
0.307486	-0.103	1685
0.311873	-0.103	1686
0.314854	-0.102	1687
0.318709	-0.101	1688
0.32362	-0.1	1689
0.325278	-0.1	1690
0.326316	-0.1	1691
0.327606	-0.1	1692
0.327856	-0.1	1693
0.328606	-0.1	1694
0.328856	-0.1	1695
0.330693	-0.099	1696
0.334929	-0.099	1697
0.338302	-0.098	1698
0.339952	-0.098	1699
0.343774	-0.097	1700
0.344967	-0.097	1701
0.345564	-0.097	1702
0.351522	-0.096	1703
0.353592	-0.095	1704
0.353635	-0.095	1705
0.35675	-0.095	1706
0.357263	-0.095	1707
0.357531	-0.095	1708
0.358052	-0.095	1709
0.360838	-0.094	1710
0.362278	-0.094	1711
0.362541	-0.094	1712
0.363284	-0.094	1713
0.365212	-0.093	1714
0.373688	-0.092	1715
0.375022	-0.092	1716
0.380382	-0.091	1717
0.385015	-0.09	1718
0.387457	-0.09	1719
0.390089	-0.089	1720
0.390498	-0.089	1721
0.391545	-0.089	1722
0.393096	-0.089	1723
0.395337	-0.089	1724
0.399241	-0.088	1725
0.401839	-0.088	1726
0.40326	-0.087	1727
0.40326	-0.087	1728
0.404744	-0.087	1729
0.405116	-0.087	1730
0.40586	-0.087	1731
0.407163	-0.087	1732
0.408936	-0.086	1733
0.410105	-0.086	1734
0.413717	-0.086	1735
0.418721	-0.085	1736
0.419907	-0.085	1737
0.419954	-0.085	1738
0.42119	-0.085	1739
0.42668	-0.084	1740
0.430044	-0.083	1741
0.434539	-0.083	1742
0.436432	-0.082	1743
0.440823	-0.082	1744
0.444651	-0.081	1745
0.447017	-0.081	1746
0.447264	-0.081	1747
0.448847	-0.08	1748
0.449502	-0.08	1749
0.450285	-0.08	1750
0.452124	-0.08	1751
0.45307	-0.08	1752
0.453668	-0.08	1753
0.457124	-0.079	1754
0.462302	-0.079	1755
0.464124	-0.078	1756
0.467358	-0.078	1757
0.473151	-0.077	1758
0.477065	-0.076	1759
0.477737	-0.076	1760
0.479964	-0.076	1761
0.480275	-0.076	1762
0.481522	-0.076	1763
0.485591	-0.075	1764
0.485643	-0.075	1765
0.487424	-0.075	1766
0.489	-0.075	1767
0.493813	-0.074	1768
0.494439	-0.074	1769
0.496936	-0.074	1770
0.501909	-0.073	1771
0.502656	-0.073	1772
0.503354	-0.073	1773
0.503892	-0.073	1774
0.506155	-0.072	1775
0.509836	-0.072	1776
0.512229	-0.072	1777
0.514303	-0.071	1778
0.519847	-0.071	1779
0.526551	-0.07	1780
0.527164	-0.07	1781
0.52761	-0.07	1782
0.530798	-0.069	1783
0.531303	-0.069	1784
0.532089	-0.069	1785
0.540172	-0.068	1786
0.545427	-0.067	1787
0.549627	-0.067	1788
0.556009	-0.066	1789
0.563989	-0.065	1790
0.567779	-0.065	1791
0.575789	-0.064	1792
0.577174	-0.063	1793
0.577476	-0.063	1794
0.581298	-0.063	1795
0.582319	-0.063	1796
0.582563	-0.063	1797
0.582928	-0.063	1798
0.58311	-0.063	1799
0.583719	-0.063	1800
0.585122	-0.062	1801
0.588489	-0.062	1802
0.593233	-0.062	1803
0.595968	-0.061	1804
0.604089	-0.06	1805
0.604656	-0.06	1806
0.605097	-0.06	1807
0.609843	-0.06	1808
0.610669	-0.06	1809
0.613474	-0.059	1810
0.614177	-0.059	1811
0.626714	-0.058	1812
0.63084	-0.057	1813
0.632551	-0.057	1814
0.63526	-0.057	1815
0.636054	-0.057	1816
0.636187	-0.057	1817
0.637249	-0.057	1818
0.637913	-0.056	1819
0.638379	-0.056	1820
0.649796	-0.055	1821
0.649932	-0.055	1822
0.657918	-0.054	1823
0.661709	-0.054	1824
0.663995	-0.054	1825
0.664481	-0.054	1826
0.672345	-0.053	1827
0.673016	-0.053	1828
0.673552	-0.053	1829
0.673721	-0.053	1830
0.673791	-0.053	1831
0.675416	-0.053	1832
0.687636	-0.051	1833
0.688214	-0.051	1834
0.689167	-0.051	1835
0.691257	-0.051	1836
0.702608	-0.05	1837
0.703438	-0.05	1838
0.704849	-0.05	1839
0.706859	-0.049	1840
0.707307	-0.049	1841
0.710074	-0.049	1842
0.714213	-0.049	1843
0.738416	-0.046	1844
0.740466	-0.046	1845
0.748498	-0.046	1846
0.751227	-0.045	1847
0.760473	-0.044	1848
0.761373	-0.044	1849
0.769039	-0.044	1850
0.770951	-0.044	1851
0.778493	-0.043	1852
0.783663	-0.042	1853
0.788537	-0.042	1854
0.791636	-0.042	1855
0.794753	-0.042	1856
0.798236	-0.041	1857
0.79946	-0.041	1858
0.799723	-0.041	1859
0.80095	-0.041	1860
0.803237	-0.041	1861
0.803413	-0.041	1862
0.80571	-0.041	1863
0.811045	-0.04	1864
0.81833	-0.04	1865
0.818783	-0.04	1866
0.820052	-0.039	1867
0.821871	-0.039	1868
0.824885	-0.039	1869
0.825068	-0.039	1870
0.827271	-0.039	1871
0.8305	-0.039	1872
0.835144	-0.038	1873
0.835144	-0.038	1874
0.839264	-0.038	1875
0.845596	-0.037	1876
0.847786	-0.037	1877
0.854507	-0.037	1878
0.85557	-0.037	1879
0.874873	-0.035	1880
0.892184	-0.034	1881
0.901998	-0.033	1882
0.911563	-0.033	1883
0.919549	-0.032	1884
0.921301	-0.032	1885
0.92305	-0.032	1886
0.924696	-0.032	1887
0.928445	-0.032	1888
0.92922	-0.032	1889
0.938383	-0.031	1890
0.941776	-0.031	1891
0.948396	-0.03	1892
0.949315	-0.03	1893
0.951852	-0.03	1894
0.952662	-0.03	1895
0.955797	-0.03	1896
0.957197	-0.03	1897
0.960602	-0.03	1898
0.964013	-0.029	1899
0.964368	-0.029	1900
0.965552	-0.029	1901
0.970558	-0.029	1902
0.973801	-0.029	1903
0.976822	-0.029	1904
0.977307	-0.029	1905
0.984512	-0.028	1906
0.992317	-0.028	1907
0.992968	-0.028	1908
0.994317	-0.028	1909
0.997333	-0.027	1910
0.997711	-0.027	1911
1.015539	-0.026	1912
1.017631	-0.026	1913
1.0196	-0.026	1914
1.024887	-0.026	1915
1.030765	-0.026	1916
1.034812	-0.025	1917
1.048535	-0.025	1918
1.052304	-0.024	1919
1.061349	-0.024	1920
1.063922	-0.024	1921
1.082157	-0.023	1922
1.091752	-0.022	1923
1.10184	-0.022	1924
1.114345	-0.021	1925
1.116565	-0.021	1926
1.116883	-0.021	1927
1.121517	-0.021	1928
1.127492	-0.021	1929
1.156931	-0.02	1930
1.175358	-0.019	1931
1.177868	-0.019	1932
1.19692	-0.018	1933
1.208255	-0.017	1934
1.20902	-0.017	1935
1.209403	-0.017	1936
1.21113	-0.017	1937
1.231542	-0.017	1938
1.247637	-0.016	1939
1.27351	-0.015	1940
1.281964	-0.015	1941
1.306827	-0.014	1942
1.310587	-0.014	1943
1.318436	-0.014	1944
1.321564	-0.014	1945
1.329352	-0.013	1946
1.33652	-0.013	1947
1.344304	-0.013	1948
1.348627	-0.013	1949
1.35974	-0.013	1950
1.362889	-0.012	1951
1.380041	-0.012	1952
1.392204	-0.012	1953
1.461458	-0.01	1954
1.49023	-0.009	1955
1.497534	-0.009	1956
1.503888	-0.009	1957
1.547454	-0.008	1958
1.55533	-0.008	1959
1.587402	-0.008	1960
1.606089	-0.007	1961
1.622341	-0.007	1962
1.623722	-0.007	1963
1.722124	-0.006	1964
1.727883	-0.006	1965
1.748031	-0.005	1966
1.748638	-0.005	1967
1.754132	-0.005	1968
1.773587	-0.005	1969
1.796944	-0.005	1970
1.817329	-0.005	1971
1.822761	-0.004	1972
1.944832	-0.003	1973
1.984111	-0.003	1974
2.228669	-0.002	1975
2.233958	-0.002	1976
2.306462	-0.001	1977
2.375536	-0.001	1978
2.390759	-0.001	1979
2.460582	-0.001	1980
2.51879	-0.001	1981
2.646415	-0.001	1982
3.188981	0	1983
3.341687	0	1984
2.321634	0.001	1985
2.064963	0.003	1986
2.030606	0.003	1987
1.988532	0.003	1988
1.859539	0.004	1989
1.830234	0.004	1990
1.779396	0.005	1991
1.720411	0.006	1992
1.666203	0.006	1993
1.647858	0.007	1994
1.602114	0.007	1995
1.547845	0.008	1996
1.531717	0.009	1997
1.503178	0.009	1998
1.503178	0.009	1999
1.466022	0.01	2000
1.428572	0.011	2001
1.426568	0.011	2002
1.413686	0.011	2003
1.401536	0.011	2004
1.389969	0.012	2005
1.384979	0.012	2006
1.383053	0.012	2007
1.3621	0.013	2008
1.36105	0.013	2009
1.349394	0.013	2010
1.345064	0.013	2011
1.332799	0.013	2012
1.306125	0.014	2013
1.301473	0.014	2014
1.282854	0.015	2015
1.276437	0.015	2016
1.276218	0.015	2017
1.27534	0.015	2018
1.266	0.015	2019
1.253472	0.016	2020
1.251589	0.016	2021
1.249648	0.016	2022
1.245983	0.016	2023
1.241258	0.016	2024
1.22755	0.017	2025
1.220838	0.017	2026
1.217515	0.017	2027
1.213249	0.017	2028
1.213056	0.017	2029
1.212478	0.017	2030
1.210938	0.017	2031
1.206348	0.018	2032
1.2018	0.018	2033
1.197854	0.018	2034
1.1854	0.018	2035
1.18021	0.019	2036
1.133374	0.021	2037
1.06694	0.024	2038
1.060779	0.024	2039
1.054832	0.024	2040
1.046038	0.025	2041
1.042624	0.025	2042
1.042177	0.025	2043
1.037364	0.025	2044
1.029423	0.026	2045
1.025152	0.026	2046
1.014366	0.026	2047
0.996703	0.027	2048
0.986237	0.028	2049
0.982671	0.028	2050
0.971033	0.029	2051
0.970319	0.029	2052
0.969243	0.029	2053
0.95673	0.03	2054
0.955448	0.03	2055
0.952199	0.03	2056
0.948374	0.03	2057
0.945532	0.031	2058
0.93367	0.031	2059
0.929441	0.032	2060
0.92316	0.032	2061
0.918144	0.032	2062
0.914358	0.033	2063
0.905485	0.033	2064
0.904849	0.033	2065
0.900735	0.033	2066
0.888369	0.034	2067
0.886933	0.034	2068
0.874973	0.035	2069
0.869487	0.036	2070
0.863564	0.036	2071
0.85848	0.036	2072
0.854797	0.037	2073
0.85441	0.037	2074
0.847977	0.037	2075
0.842752	0.038	2076
0.837107	0.038	2077
0.833096	0.038	2078
0.83291	0.038	2079
0.829483	0.039	2080
0.820416	0.039	2081
0.809638	0.04	2082
0.808549	0.04	2083
0.798149	0.041	2084
0.796666	0.041	2085
0.794843	0.042	2086
0.785881	0.042	2087
0.784942	0.042	2088
0.784856	0.042	2089
0.780607	0.043	2090
0.772117	0.043	2091
0.771867	0.043	2092
0.7717	0.043	2093
0.770035	0.044	2094
0.767795	0.044	2095
0.766307	0.044	2096
0.750423	0.045	2097
0.747058	0.046	2098
0.745542	0.046	2099
0.745065	0.046	2100
0.744905	0.046	2101
0.744826	0.046	2102
0.735198	0.047	2103
0.728738	0.047	2104
0.728661	0.047	2105
0.728196	0.047	2106
0.718989	0.048	2107
0.704403	0.05	2108
0.702031	0.05	2109
0.6949	0.051	2110
0.69162	0.051	2111
0.686698	0.051	2112
0.683463	0.052	2113
0.676478	0.052	2114
0.674283	0.053	2115
0.670906	0.053	2116
0.667964	0.053	2117
0.657643	0.054	2118
0.657506	0.054	2119
0.657506	0.054	2120
0.650135	0.055	2121
0.649593	0.055	2122
0.649439	0.055	2123
0.641849	0.056	2124
0.633805	0.057	2125
0.632947	0.057	2126
0.630183	0.057	2127
0.627628	0.058	2128
0.626126	0.058	2129
0.624563	0.058	2130
0.621125	0.058	2131
0.620026	0.058	2132
0.619897	0.058	2133
0.617384	0.059	2134
0.615458	0.059	2135
0.615394	0.059	2136
0.614689	0.059	2137
0.613538	0.059	2138
0.611433	0.059	2139
0.608764	0.06	2140
0.607307	0.06	2141
0.597889	0.061	2142
0.590333	0.062	2143
0.58855	0.062	2144
0.587043	0.062	2145
0.583475	0.063	2146
0.582441	0.063	2147
0.581348	0.063	2148
0.581144	0.063	2149
0.579409	0.063	2150
0.5769	0.063	2151
0.576873	0.063	2152
0.576632	0.064	2153
0.570338	0.064	2154
0.568254	0.065	2155
0.555077	0.066	2156
0.54807	0.067	2157
0.547495	0.067	2158
0.54715	0.067	2159
0.546805	0.067	2160
0.53949	0.068	2161
0.53372	0.069	2162
0.528895	0.069	2163
0.528615	0.069	2164
0.528336	0.07	2165
0.521171	0.07	2166
0.514521	0.071	2167
0.509402	0.072	2168
0.50687	0.072	2169
0.505562	0.073	2170
0.505454	0.073	2171
0.505292	0.073	2172
0.503301	0.073	2173
0.501297	0.073	2174
0.497522	0.074	2175
0.496138	0.074	2176
0.495003	0.074	2177
0.49428	0.074	2178
0.493697	0.074	2179
0.492216	0.074	2180
0.491899	0.074	2181
0.491107	0.074	2182
0.482719	0.076	2183
0.480898	0.076	2184
0.47986	0.076	2185
0.468444	0.078	2186
0.460788	0.079	2187
0.459328	0.079	2188
0.458373	0.079	2189
0.456718	0.079	2190
0.452422	0.08	2191
0.448503	0.081	2192
0.44766	0.081	2193
0.447264	0.081	2194
0.44677	0.081	2195
0.442145	0.081	2196
0.441851	0.081	2197
0.435218	0.082	2198
0.433134	0.083	2199
0.432022	0.083	2200
0.431829	0.083	2201
0.430188	0.083	2202
0.427448	0.084	2203
0.425722	0.084	2204
0.423142	0.084	2205
0.422618	0.084	2206
0.421047	0.085	2207
0.419907	0.085	2208
0.419717	0.085	2209
0.417018	0.085	2210
0.410667	0.086	2211
0.410198	0.086	2212
0.409684	0.086	2213
0.408096	0.087	2214
0.407966	0.087	2215
0.402843	0.087	2216
0.400948	0.088	2217
0.400948	0.088	2218
0.399425	0.088	2219
0.397723	0.088	2220
0.397539	0.088	2221
0.396299	0.088	2222
0.394924	0.089	2223
0.388726	0.09	2224
0.387955	0.09	2225
0.379038	0.091	2226
0.378949	0.091	2227
0.378457	0.091	2228
0.3752	0.092	2229
0.3748	0.092	2230
0.374533	0.092	2231
0.374186	0.092	2232
0.370365	0.093	2233
0.367806	0.093	2234
0.366662	0.093	2235
0.366618	0.093	2236
0.362628	0.094	2237
0.360794	0.094	2238
0.360576	0.094	2239
0.35866	0.095	2240
0.353491	0.095	2241
0.352772	0.095	2242
0.349717	0.096	2243
0.341733	0.097	2244
0.336866	0.098	2245
0.335013	0.099	2246
0.323661	0.1	2247
0.318175	0.101	2248
0.317764	0.102	2249
0.314486	0.102	2250
0.312281	0.102	2251
0.311914	0.103	2252
0.311507	0.103	2253
0.311181	0.103	2254
0.311104	0.103	2255
0.310042	0.103	2256
0.308297	0.103	2257
0.300794	0.105	2258
0.294879	0.106	2259
0.293929	0.106	2260
0.290315	0.106	2261
0.287827	0.107	2262
0.287472	0.107	2263
0.286606	0.107	2264
0.285819	0.107	2265
0.284719	0.107	2266
0.273922	0.109	2267
0.270409	0.11	2268
0.269716	0.11	2269
0.267794	0.111	2270
0.26569	0.111	2271
0.264883	0.111	2272
0.258601	0.112	2273
0.256594	0.113	2274
0.252016	0.114	2275
0.251845	0.114	2276
0.249969	0.114	2277
0.240138	0.116	2278
0.238106	0.116	2279
0.2363	0.117	2280
0.234756	0.117	2281
0.232335	0.117	2282
0.231984	0.118	2283
0.219085	0.12	2284
0.216104	0.121	2285
0.215459	0.121	2286
0.214027	0.121	2287
0.213599	0.121	2288
0.213384	0.121	2289
0.211493	0.122	2290
0.209997	0.122	2291
0.209535	0.122	2292
0.208638	0.122	2293
0.208044	0.122	2294
0.208044	0.122	2295
0.206484	0.123	2296
0.205069	0.123	2297
0.202705	0.123	2298
0.198033	0.124	2299
0.197998	0.124	2300
0.195185	0.125	2301
0.193041	0.125	2302
0.192728	0.125	2303
0.192137	0.126	2304
0.189604	0.126	2305
0.1895	0.126	2306
0.189015	0.126	2307
0.187252	0.127	2308
0.184665	0.127	2309
0.183977	0.127	2310
0.183152	0.127	2311
0.175221	0.129	2312
0.174847	0.129	2313
0.171184	0.13	2314
0.170506	0.13	2315
0.169797	0.13	2316
0.168548	0.131	2317
0.168211	0.131	2318
0.167638	0.131	2319
0.166258	0.131	2320
0.165452	0.131	2321
0.165149	0.131	2322
0.159061	0.133	2323
0.158528	0.133	2324
0.157962	0.133	2325
0.155138	0.133	2326
0.153019	0.134	2327
0.152754	0.134	2328
0.151796	0.134	2329
0.148369	0.135	2330
0.148303	0.135	2331
0.148007	0.135	2332
0.147876	0.135	2333
0.138988	0.137	2334
0.138988	0.137	2335
0.1385	0.137	2336
0.137527	0.137	2337
0.135065	0.138	2338
0.130615	0.139	2339
0.127566	0.14	2340
0.127053	0.14	2341
0.126669	0.14	2342
0.124113	0.14	2343
0.123124	0.141	2344
0.119722	0.141	2345
0.118391	0.142	2346
0.118327	0.142	2347
0.11722	0.142	2348
0.114315	0.143	2349
0.113968	0.143	2350
0.113811	0.143	2351
0.113401	0.143	2352
0.112898	0.143	2353
0.111546	0.143	2354
0.109757	0.144	2355
0.106723	0.144	2356
0.106442	0.144	2357
0.106223	0.144	2358
0.105911	0.145	2359
0.104883	0.145	2360
0.104851	0.145	2361
0.103637	0.145	2362
0.102643	0.145	2363
0.102114	0.145	2364
0.101122	0.146	2365
0.099634	0.146	2366
0.09639	0.147	2367
0.094727	0.147	2368
0.093866	0.147	2369
0.090461	0.148	2370
0.08936	0.148	2371
0.089279	0.148	2372
0.085182	0.149	2373
0.083997	0.15	2374
0.083723	0.15	2375
0.080118	0.151	2376
0.079634	0.151	2377
0.077311	0.151	2378
0.077281	0.151	2379
0.076799	0.151	2380
0.076257	0.152	2381
0.072026	0.153	2382
0.065287	0.154	2383
0.064753	0.154	2384
0.063389	0.155	2385
0.06333	0.155	2386
0.057572	0.156	2387
0.056955	0.156	2388
0.056767	0.156	2389
0.056191	0.156	2390
0.056103	0.156	2391
0.048006	0.158	2392
0.047727	0.158	2393
0.046466	0.159	2394
0.046175	0.159	2395
0.045566	0.159	2396
0.044638	0.159	2397
0.040851	0.16	2398
0.040678	0.16	2399
0.04065	0.16	2400
0.03967	0.161	2401
0.03516	0.162	2402
0.033929	0.162	2403
0.033128	0.162	2404
0.032774	0.162	2405
0.032442	0.162	2406
0.030075	0.163	2407
0.028084	0.163	2408
0.027885	0.163	2409
0.024766	0.164	2410
0.023324	0.165	2411
0.022279	0.165	2412
0.020475	0.165	2413
0.018085	0.166	2414
0.01772	0.166	2415
0.015534	0.167	2416
0.015366	0.167	2417
0.010815	0.168	2418
0.009897	0.168	2419
0.00798	0.169	2420
0.004988	0.169	2421
0.002447	0.17	2422
0.002144	0.17	2423
0.000739	0.17	2424
-0.00094	0.171	2425
-0.00154	0.171	2426
-0.00384	0.172	2427
-0.00617	0.172	2428
-0.00729	0.173	2429
-0.00971	0.173	2430
-0.01591	0.175	2431
-0.01718	0.175	2432
-0.02049	0.176	2433
-0.02408	0.177	2434
-0.02438	0.177	2435
-0.02529	0.177	2436
-0.02531	0.177	2437
-0.02813	0.178	2438
-0.02944	0.179	2439
-0.03018	0.179	2440
-0.03077	0.179	2441
-0.03532	0.18	2442
-0.0359	0.18	2443
-0.03843	0.181	2444
-0.03851	0.181	2445
-0.03912	0.181	2446
-0.04006	0.181	2447
-0.04108	0.182	2448
-0.04751	0.184	2449
-0.05537	0.186	2450
-0.05728	0.186	2451
-0.06167	0.187	2452
-0.06627	0.189	2453
-0.0678	0.189	2454
-0.06795	0.189	2455
-0.06813	0.189	2456
-0.06816	0.189	2457
-0.0693	0.19	2458
-0.07072	0.19	2459
-0.07417	0.191	2460
-0.07535	0.191	2461
-0.07616	0.192	2462
-0.07624	0.192	2463
-0.07624	0.192	2464
-0.07654	0.192	2465
-0.07729	0.192	2466
-0.08006	0.193	2467
-0.0812	0.193	2468
-0.08126	0.193	2469
-0.08374	0.194	2470
-0.08429	0.194	2471
-0.08468	0.194	2472
-0.08524	0.194	2473
-0.08616	0.194	2474
-0.08684	0.195	2475
-0.08714	0.195	2476
-0.08878	0.195	2477
-0.0895	0.195	2478
-0.08995	0.196	2479
-0.09052	0.196	2480
-0.09139	0.196	2481
-0.09181	0.196	2482
-0.09749	0.198	2483
-0.09835	0.198	2484
-0.10235	0.199	2485
-0.1065	0.2	2486
-0.1077	0.201	2487
-0.1096	0.201	2488
-0.10991	0.201	2489
-0.11232	0.202	2490
-0.11592	0.203	2491
-0.11838	0.204	2492
-0.11806	0.204	2493
-0.11826	0.204	2494
-0.11946	0.204	2495
-0.1185	0.204	2496
-0.12272	0.205	2497
-0.12167	0.205	2498
-0.12258	0.205	2499
-0.12633	0.206	2500
-0.12392	0.206	2501
-0.12607	0.206	2502
-0.1261	0.206	2503
-0.12726	0.207	2504
-0.12803	0.207	2505
-0.13235	0.208	2506
-0.13014	0.208	2507
-0.13306	0.208	2508
-0.13256	0.208	2509
-0.13557	0.209	2510
-0.13479	0.209	2511
-0.13368	0.209	2512
-0.13865	0.21	2513
-0.13833	0.21	2514
-0.13817	0.21	2515
-0.14118	0.211	2516
-0.14106	0.211	2517
-0.14357	0.212	2518
-0.14572	0.212	2519
-0.14441	0.212	2520
-0.1494	0.213	2521
-0.15206	0.214	2522
-0.15805	0.216	2523
-0.15698	0.216	2524
-0.15987	0.217	2525
-0.16152	0.217	2526
-0.1606	0.217	2527
-0.1648	0.218	2528
-0.1632	0.218	2529
-0.16697	0.219	2530
-0.16992	0.22	2531
-0.17149	0.22	2532
-0.17219	0.221	2533
-0.17493	0.221	2534
-0.17754	0.222	2535
-0.17695	0.222	2536
-0.18002	0.223	2537
-0.17833	0.223	2538
-0.18	0.223	2539
-0.18155	0.224	2540
-0.18126	0.224	2541
-0.18222	0.224	2542
-0.18135	0.224	2543
-0.1831	0.224	2544
-0.18693	0.225	2545
-0.18606	0.225	2546
-0.18769	0.226	2547
-0.19639	0.228	2548
-0.19701	0.229	2549
-0.19672	0.229	2550
-0.20228	0.23	2551
-0.20028	0.23	2552
-0.20365	0.231	2553
-0.20334	0.231	2554
-0.20597	0.232	2555
-0.21087	0.233	2556
-0.21168	0.233	2557
-0.21052	0.233	2558
-0.21142	0.233	2559
-0.20899	0.233	2560
-0.21146	0.233	2561
-0.21159	0.233	2562
-0.21133	0.233	2563
-0.21037	0.233	2564
-0.21401	0.234	2565
-0.2127	0.234	2566
-0.21596	0.235	2567
-0.2182	0.236	2568
-0.22055	0.236	2569
-0.22288	0.237	2570
-0.2212	0.237	2571
-0.2245	0.238	2572
-0.22482	0.238	2573
-0.22538	0.238	2574
-0.22849	0.239	2575
-0.23015	0.24	2576
-0.23038	0.24	2577
-0.23069	0.24	2578
-0.22999	0.24	2579
-0.23182	0.24	2580
-0.23479	0.241	2581
-0.23619	0.242	2582
-0.24075	0.243	2583
-0.24237	0.244	2584
-0.24221	0.244	2585
-0.24665	0.245	2586
-0.24581	0.245	2587
-0.24863	0.246	2588
-0.25003	0.246	2589
-0.25223	0.247	2590
-0.2506	0.247	2591
-0.25495	0.248	2592
-0.25871	0.249	2593
-0.25823	0.249	2594
-0.25983	0.25	2595
-0.25987	0.25	2596
-0.26411	0.251	2597
-0.26184	0.251	2598
-0.26327	0.251	2599
-0.26626	0.252	2600
-0.26902	0.253	2601
-0.27311	0.254	2602
-0.27596	0.255	2603
-0.27404	0.255	2604
-0.27792	0.256	2605
-0.27747	0.256	2606
-0.28119	0.257	2607
-0.2805	0.257	2608
-0.28318	0.258	2609
-0.28213	0.258	2610
-0.28438	0.258	2611
-0.28231	0.258	2612
-0.28253	0.258	2613
-0.28274	0.258	2614
-0.28375	0.258	2615
-0.28852	0.26	2616
-0.28904	0.26	2617
-0.29027	0.261	2618
-0.29218	0.261	2619
-0.29198	0.261	2620
-0.2922	0.261	2621
-0.2939	0.262	2622
-0.29723	0.263	2623
-0.29715	0.263	2624
-0.29926	0.264	2625
-0.30382	0.265	2626
-0.30157	0.265	2627
-0.30697	0.267	2628
-0.3112	0.268	2629
-0.31009	0.268	2630
-0.31204	0.268	2631
-0.31517	0.27	2632
-0.31678	0.27	2633
-0.3166	0.27	2634
-0.31672	0.27	2635
-0.31603	0.27	2636
-0.31923	0.271	2637
-0.32005	0.271	2638
-0.31827	0.271	2639
-0.32149	0.272	2640
-0.32153	0.272	2641
-0.32397	0.273	2642
-0.32348	0.273	2643
-0.32671	0.274	2644
-0.3265	0.274	2645
-0.3292	0.275	2646
-0.32834	0.275	2647
-0.3295	0.275	2648
-0.33159	0.276	2649
-0.33543	0.277	2650
-0.33437	0.277	2651
-0.33562	0.277	2652
-0.33804	0.278	2653
-0.33639	0.278	2654
-0.34159	0.279	2655
-0.33996	0.279	2656
-0.34388	0.28	2657
-0.34262	0.28	2658
-0.34176	0.28	2659
-0.3447	0.281	2660
-0.3463	0.281	2661
-0.3463	0.281	2662
-0.34937	0.282	2663
-0.34921	0.282	2664
-0.35206	0.283	2665
-0.35476	0.284	2666
-0.35506	0.285	2667
-0.35683	0.285	2668
-0.35584	0.285	2669
-0.35952	0.286	2670
-0.36029	0.287	2671
-0.36245	0.287	2672
-0.36154	0.287	2673
-0.36143	0.287	2674
-0.36062	0.287	2675
-0.36061	0.287	2676
-0.36447	0.288	2677
-0.36303	0.288	2678
-0.36791	0.29	2679
-0.36906	0.29	2680
-0.37126	0.291	2681
-0.37061	0.291	2682
-0.3723	0.291	2683
-0.37427	0.292	2684
-0.37297	0.292	2685
-0.38047	0.294	2686
-0.38013	0.294	2687
-0.37927	0.294	2688
-0.38192	0.295	2689
-0.38181	0.295	2690
-0.3808	0.295	2691
-0.38306	0.295	2692
-0.38675	0.297	2693
-0.38895	0.298	2694
-0.38933	0.298	2695
-0.39125	0.299	2696
-0.39295	0.299	2697
-0.39246	0.299	2698
-0.39185	0.299	2699
-0.39401	0.3	2700
-0.3937	0.3	2701
-0.3933	0.3	2702
-0.39809	0.301	2703
-0.40184	0.303	2704
-0.40537	0.304	2705
-0.40757	0.305	2706
-0.40784	0.305	2707
-0.40623	0.305	2708
-0.41115	0.307	2709
-0.41222	0.307	2710
-0.41295	0.307	2711
-0.41428	0.308	2712
-0.41383	0.308	2713
-0.41683	0.309	2714
-0.41889	0.31	2715
-0.42053	0.31	2716
-0.42161	0.311	2717
-0.4216	0.311	2718
-0.42211	0.311	2719
-0.42595	0.313	2720
-0.42627	0.313	2721
-0.42846	0.314	2722
-0.42848	0.314	2723
-0.43154	0.315	2724
-0.43248	0.315	2725
-0.43513	0.316	2726
-0.43472	0.316	2727
-0.4357	0.317	2728
-0.43688	0.317	2729
-0.4363	0.317	2730
-0.43742	0.317	2731
-0.43541	0.317	2732
-0.43646	0.317	2733
-0.43812	0.318	2734
-0.43929	0.318	2735
-0.43884	0.318	2736
-0.44126	0.319	2737
-0.44184	0.319	2738
-0.44022	0.319	2739
-0.44318	0.32	2740
-0.44398	0.32	2741
-0.44516	0.321	2742
-0.44761	0.322	2743
-0.44972	0.322	2744
-0.4484	0.322	2745
-0.45074	0.323	2746
-0.45173	0.323	2747
-0.45027	0.323	2748
-0.45452	0.324	2749
-0.45292	0.324	2750
-0.45466	0.325	2751
-0.45547	0.325	2752
-0.45691	0.325	2753
-0.45715	0.326	2754
-0.45817	0.326	2755
-0.46077	0.327	2756
-0.46293	0.328	2757
-0.46385	0.328	2758
-0.46484	0.329	2759
-0.46607	0.329	2760
-0.4674	0.33	2761
-0.47071	0.331	2762
-0.46932	0.331	2763
-0.47028	0.331	2764
-0.46931	0.331	2765
-0.47136	0.332	2766
-0.47223	0.332	2767
-0.47174	0.332	2768
-0.47475	0.333	2769
-0.47612	0.334	2770
-0.47587	0.334	2771
-0.47806	0.334	2772
-0.47607	0.334	2773
-0.4802	0.335	2774
-0.48027	0.335	2775
-0.4782	0.335	2776
-0.48202	0.336	2777
-0.48343	0.337	2778
-0.48328	0.337	2779
-0.48318	0.337	2780
-0.48595	0.338	2781
-0.48628	0.338	2782
-0.48712	0.338	2783
-0.48638	0.338	2784
-0.48794	0.339	2785
-0.48861	0.339	2786
-0.49028	0.34	2787
-0.4945	0.342	2788
-0.49538	0.342	2789
-0.49752	0.343	2790
-0.50032	0.344	2791
-0.50101	0.344	2792
-0.50113	0.344	2793
-0.49954	0.344	2794
-0.50215	0.345	2795
-0.50298	0.345	2796
-0.50796	0.347	2797
-0.50702	0.347	2798
-0.50858	0.348	2799
-0.51178	0.349	2800
-0.51201	0.349	2801
-0.51162	0.349	2802
-0.51252	0.349	2803
-0.51355	0.35	2804
-0.51473	0.35	2805
-0.51271	0.35	2806
-0.51307	0.35	2807
-0.51469	0.35	2808
-0.51481	0.35	2809
-0.51895	0.352	2810
-0.52016	0.353	2811
-0.51983	0.353	2812
-0.52198	0.354	2813
-0.52345	0.354	2814
-0.52449	0.355	2815
-0.52495	0.355	2816
-0.52545	0.355	2817
-0.52506	0.355	2818
-0.52631	0.356	2819
-0.52665	0.356	2820
-0.52938	0.357	2821
-0.52962	0.357	2822
-0.53225	0.358	2823
-0.5341	0.359	2824
-0.5406	0.362	2825
-0.5399	0.362	2826
-0.54517	0.364	2827
-0.54791	0.365	2828
-0.54777	0.365	2829
-0.54839	0.366	2830
-0.55208	0.367	2831
-0.55272	0.367	2832
-0.55188	0.367	2833
-0.5549	0.368	2834
-0.55406	0.368	2835
-0.55398	0.368	2836
-0.55458	0.368	2837
-0.55563	0.369	2838
-0.55507	0.369	2839
-0.56147	0.371	2840
-0.5597	0.371	2841
-0.56106	0.371	2842
-0.56015	0.371	2843
-0.55977	0.371	2844
-0.5594	0.371	2845
-0.56294	0.372	2846
-0.56289	0.372	2847
-0.56477	0.373	2848
-0.56458	0.373	2849
-0.56566	0.373	2850
-0.5672	0.374	2851
-0.56737	0.374	2852
-0.56767	0.374	2853
-0.56787	0.374	2854
-0.56825	0.375	2855
-0.56945	0.375	2856
-0.56821	0.375	2857
-0.57344	0.377	2858
-0.5731	0.377	2859
-0.57534	0.378	2860
-0.57795	0.379	2861
-0.57751	0.379	2862
-0.57804	0.379	2863
-0.58043	0.38	2864
-0.58253	0.381	2865
-0.58272	0.381	2866
-0.58256	0.381	2867
-0.58398	0.382	2868
-0.5866	0.383	2869
-0.58531	0.383	2870
-0.58594	0.383	2871
-0.58643	0.383	2872
-0.58694	0.383	2873
-0.58855	0.384	2874
-0.58854	0.384	2875
-0.58759	0.384	2876
-0.59168	0.386	2877
-0.59399	0.387	2878
-0.59611	0.388	2879
-0.59592	0.388	2880
-0.5965	0.388	2881
-0.59734	0.388	2882
-0.60076	0.39	2883
-0.60063	0.39	2884
-0.60123	0.39	2885
-0.60185	0.39	2886
-0.6024	0.391	2887
-0.60315	0.391	2888
-0.60359	0.391	2889
-0.60608	0.392	2890
-0.60491	0.392	2891
-0.60635	0.392	2892
-0.60526	0.392	2893
-0.61045	0.394	2894
-0.60856	0.394	2895
-0.61344	0.396	2896
-0.61448	0.396	2897
-0.61299	0.396	2898
-0.61266	0.396	2899
-0.61617	0.397	2900
-0.61677	0.397	2901
-0.61486	0.397	2902
-0.61491	0.397	2903
-0.61695	0.398	2904
-0.62053	0.399	2905
-0.62212	0.4	2906
-0.62173	0.4	2907
-0.62423	0.401	2908
-0.62502	0.401	2909
-0.62429	0.401	2910
-0.62342	0.401	2911
-0.62699	0.402	2912
-0.62526	0.402	2913
-0.63139	0.405	2914
-0.632	0.405	2915
-0.63484	0.406	2916
-0.63386	0.406	2917
-0.63418	0.406	2918
-0.63537	0.406	2919
-0.63415	0.406	2920
-0.63519	0.406	2921
-0.63405	0.406	2922
-0.63705	0.407	2923
-0.63602	0.407	2924
-0.63556	0.407	2925
-0.63863	0.408	2926
-0.64048	0.409	2927
-0.63968	0.409	2928
-0.64094	0.409	2929
-0.64241	0.41	2930
-0.64209	0.41	2931
-0.64645	0.412	2932
-0.64598	0.412	2933
-0.64718	0.412	2934
-0.65122	0.414	2935
-0.65217	0.415	2936
-0.65192	0.415	2937
-0.65494	0.416	2938
-0.65481	0.416	2939
-0.65516	0.416	2940
-0.65676	0.417	2941
-0.65639	0.417	2942
-0.6565	0.417	2943
-0.65776	0.417	2944
-0.65881	0.418	2945
-0.65789	0.418	2946
-0.65971	0.418	2947
-0.66181	0.419	2948
-0.66118	0.419	2949
-0.66095	0.419	2950
-0.66265	0.42	2951
-0.66441	0.421	2952
-0.66505	0.421	2953
-0.66391	0.421	2954
-0.66639	0.422	2955
-0.67149	0.424	2956
-0.67013	0.424	2957
-0.67091	0.424	2958
-0.67143	0.424	2959
-0.66988	0.424	2960
-0.67257	0.425	2961
-0.67338	0.425	2962
-0.67367	0.425	2963
-0.67188	0.425	2964
-0.67429	0.426	2965
-0.67615	0.427	2966
-0.67839	0.428	2967
-0.67927	0.428	2968
-0.67957	0.428	2969
-0.68057	0.429	2970
-0.6811	0.429	2971
-0.68051	0.429	2972
-0.68375	0.43	2973
-0.68294	0.43	2974
-0.68454	0.431	2975
-0.68469	0.431	2976
-0.6842	0.431	2977
-0.68463	0.431	2978
-0.68751	0.432	2979
-0.68928	0.433	2980
-0.6881	0.433	2981
-0.69084	0.434	2982
-0.69121	0.434	2983
-0.69287	0.435	2984
-0.69743	0.437	2985
-0.69803	0.438	2986
-0.69868	0.438	2987
-0.69892	0.438	2988
-0.70026	0.439	2989
-0.70182	0.44	2990
-0.70159	0.44	2991
-0.70376	0.441	2992
-0.70432	0.441	2993
-0.7045	0.441	2994
-0.70432	0.441	2995
-0.70662	0.442	2996
-0.70852	0.443	2997
-0.70799	0.443	2998
-0.70979	0.444	2999
-0.71132	0.445	3000
-0.71236	0.445	3001
-0.713	0.445	3002
-0.7147	0.446	3003
-0.71426	0.446	3004
-0.7138	0.446	3005
-0.71504	0.446	3006
-0.71582	0.447	3007
-0.71686	0.447	3008
-0.71867	0.448	3009
-0.71905	0.449	3010
-0.72062	0.449	3011
-0.72148	0.45	3012
-0.72149	0.45	3013
-0.72374	0.451	3014
-0.72449	0.451	3015
-0.72681	0.453	3016
-0.72836	0.453	3017
-0.72758	0.453	3018
-0.72927	0.454	3019
-0.73026	0.454	3020
-0.72881	0.454	3021
-0.72954	0.454	3022
-0.73156	0.455	3023
-0.73181	0.455	3024
-0.73295	0.456	3025
-0.73429	0.456	3026
-0.73537	0.457	3027
-0.73581	0.457	3028
-0.73814	0.458	3029
-0.73695	0.458	3030
-0.73845	0.459	3031
-0.73842	0.459	3032
-0.74153	0.46	3033
-0.74177	0.46	3034
-0.74133	0.46	3035
-0.74156	0.46	3036
-0.74284	0.461	3037
-0.74256	0.461	3038
-0.74708	0.463	3039
-0.74739	0.463	3040
-0.74811	0.464	3041
-0.75076	0.465	3042
-0.75128	0.465	3043
-0.74966	0.465	3044
-0.75128	0.465	3045
-0.75612	0.468	3046
-0.75619	0.468	3047
-0.75559	0.468	3048
-0.75675	0.468	3049
-0.75851	0.469	3050
-0.75728	0.469	3051
-0.75854	0.469	3052
-0.76088	0.47	3053
-0.76013	0.47	3054
-0.75945	0.47	3055
-0.76263	0.471	3056
-0.76206	0.471	3057
-0.76277	0.471	3058
-0.76592	0.473	3059
-0.76536	0.473	3060
-0.76562	0.473	3061
-0.76537	0.473	3062
-0.76781	0.474	3063
-0.76709	0.474	3064
-0.76716	0.474	3065
-0.76834	0.474	3066
-0.77026	0.475	3067
-0.77178	0.476	3068
-0.77186	0.476	3069
-0.77134	0.476	3070
-0.77275	0.477	3071
-0.776	0.479	3072
-0.77687	0.479	3073
-0.77931	0.48	3074
-0.77962	0.48	3075
-0.7796	0.48	3076
-0.77969	0.48	3077
-0.78088	0.481	3078
-0.78428	0.483	3079
-0.78633	0.484	3080
-0.78598	0.484	3081
-0.79345	0.488	3082
-0.79445	0.488	3083
-0.79422	0.488	3084
-0.79362	0.488	3085
-0.79463	0.489	3086
-0.79637	0.49	3087
-0.79732	0.49	3088
-0.79792	0.49	3089
-0.8	0.491	3090
-0.79877	0.491	3091
-0.80002	0.491	3092
-0.80062	0.492	3093
-0.80337	0.493	3094
-0.80225	0.493	3095
-0.80464	0.494	3096
-0.80494	0.494	3097
-0.80468	0.494	3098
-0.80637	0.495	3099
-0.8067	0.495	3100
-0.80722	0.495	3101
-0.80749	0.496	3102
-0.80902	0.496	3103
-0.80738	0.496	3104
-0.81224	0.498	3105
-0.81151	0.498	3106
-0.8122	0.498	3107
-0.81249	0.498	3108
-0.81562	0.5	3109
-0.81509	0.5	3110
-0.81604	0.5	3111
-0.81776	0.501	3112
-0.81656	0.501	3113
-0.81775	0.501	3114
-0.81764	0.501	3115
-0.81851	0.502	3116
-0.81907	0.502	3117
-0.81974	0.502	3118
-0.81852	0.502	3119
-0.82023	0.503	3120
-0.82241	0.504	3121
-0.82605	0.506	3122
-0.8265	0.506	3123
-0.82847	0.507	3124
-0.83075	0.508	3125
-0.83223	0.509	3126
-0.83356	0.51	3127
-0.83433	0.51	3128
-0.83522	0.511	3129
-0.83934	0.513	3130
-0.84132	0.514	3131
-0.84041	0.514	3132
-0.84236	0.515	3133
-0.8448	0.516	3134
-0.8445	0.516	3135
-0.84618	0.517	3136
-0.84819	0.518	3137
-0.84933	0.519	3138
-0.85001	0.519	3139
-0.84992	0.519	3140
-0.85079	0.52	3141
-0.85435	0.521	3142
-0.85404	0.521	3143
-0.85274	0.521	3144
-0.85553	0.522	3145
-0.8548	0.522	3146
-0.85499	0.522	3147
-0.85509	0.522	3148
-0.85698	0.523	3149
-0.85776	0.523	3150
-0.85621	0.523	3151
-0.8571	0.523	3152
-0.8592	0.524	3153
-0.8611	0.525	3154
-0.86163	0.526	3155
-0.8643	0.527	3156
-0.86612	0.528	3157
-0.86764	0.529	3158
-0.87022	0.53	3159
-0.86919	0.53	3160
-0.86913	0.53	3161
-0.87036	0.53	3162
-0.86988	0.53	3163
-0.87196	0.531	3164
-0.87079	0.531	3165
-0.87548	0.533	3166
-0.87571	0.534	3167
-0.87679	0.534	3168
-0.87681	0.534	3169
-0.87715	0.534	3170
-0.87811	0.535	3171
-0.87899	0.535	3172
-0.87876	0.535	3173
-0.88041	0.536	3174
-0.87983	0.536	3175
-0.88111	0.537	3176
-0.88641	0.54	3177
-0.88705	0.54	3178
-0.8877	0.54	3179
-0.8892	0.541	3180
-0.89024	0.542	3181
-0.89362	0.544	3182
-0.89452	0.544	3183
-0.89386	0.544	3184
-0.89385	0.544	3185
-0.89581	0.545	3186
-0.89717	0.546	3187
-0.89863	0.547	3188
-0.90179	0.548	3189
-0.90258	0.549	3190
-0.90479	0.55	3191
-0.9071	0.551	3192
-0.91134	0.554	3193
-0.91208	0.554	3194
-0.91149	0.554	3195
-0.91296	0.555	3196
-0.91704	0.557	3197
-0.91955	0.559	3198
-0.92108	0.559	3199
-0.91959	0.559	3200
-0.92256	0.56	3201
-0.92291	0.561	3202
-0.92296	0.561	3203
-0.9242	0.561	3204
-0.92402	0.561	3205
-0.92566	0.562	3206
-0.92585	0.562	3207
-0.92532	0.562	3208
-0.9291	0.564	3209
-0.92987	0.565	3210
-0.93793	0.569	3211
-0.93706	0.569	3212
-0.93906	0.57	3213
-0.94058	0.571	3214
-0.94023	0.571	3215
-0.94187	0.572	3216
-0.94762	0.575	3217
-0.94956	0.576	3218
-0.94916	0.576	3219
-0.95375	0.578	3220
-0.95769	0.581	3221
-0.96922	0.587	3222
-0.96782	0.587	3223
-0.968	0.587	3224
-0.97608	0.592	3225
-0.9798	0.594	3226
-0.98684	0.598	3227
-0.99246	0.601	3228
-1.00418	0.608	3229
-1.03613	0.627	3230
-1.03518	0.627	3231
-1.04425	0.632	3232
-1.04473	0.632	3233
-1.05928	0.641	3234
-1.06366	0.644	3235
-1.08227	0.655	3236
-1.15713	0.7	3237